0 0.041948470209339776 0.7682533333333332 0.08389694041867955 0.4042933333333333
0 0.9681602254428341 0.60068 0.06206924315619961 0.65848
5 0.8324999999999999 0.7498800000000001 0.33338969404186797 0.34717333333333333
0 0.773462157809984 0.5944933333333333 0.2456360708534622 0.29229333333333335
3 0.048470209339774556 0.7342666666666667 0.09694041867954911 0.5261333333333333
0 0.6443679549114332 0.57292 0.13822061191626406 0.18690666666666658
5 0.6748711755233495 0.5879466666666666 0.13504025764895322 0.20682666666666666
5 0.7608172302737519 0.47789333333333334 0.06142512077294692 0.15349333333333334
0 0.3899476650563607 0.5748666666666666 0.06590177133655396 0.12818666666666673
0 0.30014492753623184 0.5746266666666667 0.0430756843800322 0.1276
4 0.29336151368760066 0.5131733333333333 0.0544363929146538 0.22160000000000005
