0 0.49394037066881546 0.5727127659574468 0.07086220789685742 0.21297872340425528
0 0.3031547139403707 0.6054122340425532 0.10556809024979859 0.20827127659574476
0 0.23282433521353746 0.5705585106382979 0.1024415793714746 0.16904255319148936
0 0.3766680096696213 0.5479920212765957 0.06263497179693797 0.13172872340425532
5 0.40892022562449637 0.45878989361702127 0.06804190169218377 0.22523936170212766
5 0.44761885576148264 0.457313829787234 0.02572925060435138 0.11484042553191483
0 0.01600725221595487 0.6048670212765958 0.03201450443190974 0.20946808510638296
0 0.10066881547139403 0.5715691489361702 0.12225624496373891 0.16425531914893615
2 0.3076591458501209 0.5008643617021277 0.046164383561643804 0.09864361702127661
0 0.5235173247381144 0.5078324468085106 0.024456083803384383 0.049973404255319126
0 0.5646172441579371 0.5067154255319148 0.0179371474617245 0.0383776595744681
