0 0.49437953263497175 0.5738563829787234 0.07074133763094276 0.2126063829787234
0 0.2814141821112006 0.6249468085106383 0.12336019339242543 0.23739361702127665
0 0.21260676873489118 0.5795877659574469 0.11470588235294117 0.1838563829787234
0 0.36841659951651895 0.554281914893617 0.06851732473811445 0.1419148936170213
5 0.40475423045930703 0.45869680851063827 0.07281224818694602 0.23840425531914888
5 0.4471514907332796 0.45835106382978724 0.026438356164383607 0.11797872340425536
0 0.06910556003223207 0.582247340425532 0.13821112006446415 0.179813829787234
2 0.30018936341659946 0.5015824468085106 0.04883964544721995 0.1028457446808511
0 0.5291095890410958 0.5097473404255319 0.02469782433521361 0.049281914893617024
0 0.5720950846091861 0.5094148936170213 0.018178887993553543 0.03819148936170209
