0 0.4789323126510878 0.5131648936170212 0.026889605157131347 0.0809042553191489
2 0.09896454472199838 0.4986702127659574 0.19792908944399676 0.9973404255319148
0 0.19977437550362612 0.5849335106382979 0.12451248992747785 0.20720744680851064
5 0.2956607574536664 0.6624867021276595 0.0797340854149879 0.1694946808510638
0 0.3342747784045125 0.5992686170212765 0.09539887187751811 0.1990691489361702
0 0.29128928283642225 0.5556382978723404 0.066204673650282 0.10558510638297877
0 0.38980660757453667 0.5425265957446809 0.048058017727639034 0.10882978723404252
0 0.4093110394842868 0.5259973404255319 0.0337389202256245 0.07890957446808515
5 0.4402739726027397 0.49057180851063825 0.019081385979049206 0.07061170212765953
2 0.2672078968573731 0.5168218085106383 0.061571313456889626 0.12295212765957443
