0 0.4994278807413376 0.5734175531914893 0.06900886381950039 0.2073138297872341
0 0.16877115229653503 0.7219281914893617 0.23190169218372275 0.3975797872340426
0 0.131406124093473 0.6170877659574467 0.17151490733279612 0.2480053191489361
0 0.3359266720386785 0.5811968085106383 0.0943029814665592 0.18654255319148932
5 0.39089443996776796 0.4559973404255319 0.09112006446414181 0.28938829787234044
5 0.44493150684931504 0.4585638297872341 0.02881547139403706 0.12829787234042547
0 0.021946011281224816 0.5983643617021277 0.04389202256244963 0.20162234042553184
0 0.21104754230459305 0.5439893617021277 0.07853344077356968 0.11191489361702131
2 0.2746776792908944 0.5035239361702127 0.0587187751813054 0.11800531914893618
0 0.551317485898469 0.5117154255319148 0.025181305398871878 0.0473138297872341
