0 0.47846897663174853 0.5124468085106383 0.02675261885576152 0.0804787234042553
2 0.12226833199033038 0.4986702127659574 0.24453666398066076 0.9973404255319148
0 0.22261079774375503 0.5746143617021277 0.10946011281224818 0.18843085106382976
5 0.312655116841257 0.645159574468085 0.0707252215954875 0.15223404255319142
0 0.3456325543916196 0.5887898936170213 0.08556003223207091 0.181781914893617
0 0.3002941176470588 0.5517287234042553 0.06155519742143432 0.09984042553191487
0 0.39365431103948423 0.5404654255319149 0.04548751007252215 0.10369680851063832
0 0.411651893634166 0.524468085106383 0.032328767123287624 0.07611702127659575
5 0.44026188557614826 0.4907845744680851 0.018702659145850148 0.06917553191489359
2 0.2738920225624496 0.5154654255319149 0.058404512489927445 0.11821808510638294
