0 0.47859790491539084 0.5198271276595744 0.03589041095890417 0.10800531914893613
0 0.0712207896857373 0.7569414893617021 0.1424415793714746 0.48079787234042554
2 0.1098992747784045 0.6011436170212765 0.18555197421434327 0.30611702127659574
5 0.2793513295729251 0.5606781914893617 0.13386784850926672 0.39252659574468085
2 0.3383763094278807 0.5207446808510638 0.1077276390008058 0.30606382978723407
0 0.23163577759871068 0.5730851063829787 0.08481869460112809 0.14388297872340425
0 0.39877921031426267 0.5136170212765957 0.043956486704270714 0.11393617021276596
0 0.41936341659951654 0.5129255319148937 0.027316680096696192 0.06606382978723405
2 0.4335334407735697 0.47593085106382976 0.025342465753424692 0.09042553191489361
0 0.060705076551168406 0.6038696808510639 0.12141015310233681 0.21406914893617024
