3 0.7596417069243155 0.5155866666666666 0.03938003220611914 0.20061333333333337
0 0.5870893719806763 0.5055733333333333 0.024581320450885645 0.0794666666666667
8 0.24239533011272144 0.5246933333333333 0.03931561996779391 0.09237333333333336
8 0.5164009661835749 0.4820533333333333 0.02946859903381635 0.04597333333333328
8 0.26969806763285026 0.5080133333333333 0.04128019323671501 0.06856000000000002
8 0.28102254428341383 0.49761333333333335 0.06191626409017716 0.0773066666666666
8 0.30747181964573267 0.4990133333333333 0.0423349436392915 0.05402666666666664
8 0.39039049919484703 0.4816533333333333 0.025853462157809995 0.03813333333333336
8 0.43269323671497584 0.4882133333333333 0.018864734299516867 0.04485333333333339
8 0.3457125603864734 0.47928000000000004 0.05371175523349439 0.058453333333333295
8 0.4182608695652174 0.4904 0.017648953301127274 0.030666666666666665
