0 0.10019323671497585 0.58968 0.1631239935587762 0.19856000000000001
0 0.575901771336554 0.5090533333333332 0.03280193236714977 0.08872000000000002
0 0.6610466988727858 0.47329333333333334 0.03816425120772945 0.043919999999999994
1 0.45464573268921094 0.4911733333333333 0.007246376811594203 0.06751999999999998
0 0.7347383252818036 0.4695066666666666 0.04263285024154584 0.050906666666666676
2 0.8732407407407408 0.45292 0.05013687600644121 0.061679999999999985
8 0.2214734299516908 0.5036533333333333 0.058647342995169084 0.04096000000000004
8 0.5137882447665056 0.4745466666666666 0.07351851851851847 0.02685333333333339
8 0.8139694041867955 0.45858666666666664 0.03386473429951695 0.03530666666666669
8 0.7847705314009661 0.4709466666666667 0.01261674718196454 0.05288000000000003
8 0.622902576489533 0.48206666666666664 0.022681159420289913 0.08066666666666666
