0 0.1674919224555735 0.758957219251337 0.334983844911147 0.4767379679144385
1 0.8574919224555736 0.6014839572192513 0.06432148626817456 0.4902406417112299
1 0.5502261712439419 0.5294919786096256 0.014458804523424861 0.14064171122994656
1 0.5675121163166397 0.5256283422459892 0.015993537964458862 0.14676470588235296
1 0.4437560581583199 0.5246256684491979 0.01862681744749592 0.15042780748663098
8 0.7631098546042003 0.5737165775401069 0.04618739903069472 0.20844919786096258
8 0.5180735056542811 0.494451871657754 0.020315024232633355 0.06275401069518716
8 0.4992689822294023 0.5102005347593582 0.012318255250403878 0.08050802139037436
8 0.6494022617124395 0.5751069518716577 0.06045234248788371 0.25010695187165777
8 0.3930331179321487 0.5459358288770053 0.03611470113085621 0.14176470588235296
