0 0.5457367149758454 0.49664 0.026690821256038628 0.06074666666666667
4 0.24120772946859906 0.4599599999999999 0.2809339774557166 0.4308
0 0.5709903381642513 0.5032666666666666 0.03974235104669888 0.08818666666666665
0 0.15547504025764894 0.7567466666666666 0.3109500805152979 0.4811733333333333
0 0.41140499194847024 0.5161466666666666 0.02659420289855075 0.062480000000000015
6 0.49757648953301126 0.4628533333333333 0.049388083735909756 0.07967999999999999
8 0.4438365539452496 0.4931733333333333 0.0352576489533011 0.06954666666666662
8 0.8550644122383253 0.44405333333333336 0.019146537842190177 0.03632000000000001
8 0.40526167471819646 0.45566666666666666 0.02519323671497586 0.03901333333333332
8 0.6705032206119163 0.44171999999999995 0.013534621578099796 0.028400000000000016
8 0.6853623188405797 0.44342666666666664 0.013671497584541078 0.033893333333333275
8 0.7286916264090177 0.44310666666666665 0.027109500805152946 0.04301333333333332
8 0.7618236714975845 0.44397333333333333 0.030732689210950046 0.04016000000000001
8 0.9039412238325283 0.4401066666666667 0.02656199677938809 0.04789333333333335
8 0.9304991948470208 0.44134666666666666 0.027504025764895395 0.05629333333333337
8 0.9552053140096618 0.4445733333333333 0.02973429951690808 0.0702133333333333
8 0.9832085346215781 0.4374133333333333 0.030346215780998432 0.059466666666666695
8 0.7045289855072464 0.44261333333333336 0.021376811594202863 0.04346666666666662
8 0.6481723027375201 0.4395333333333333 0.01602254428341383 0.02786666666666671
8 0.870962157809984 0.44989333333333337 0.01245571658615139 0.036
8 0.8338727858293076 0.44334666666666667 0.014283413848631247 0.04135999999999997
8 0.807000805152979 0.4431733333333333 0.052037037037036944 0.064
