1 0.5442366720516963 0.5319117647058823 0.022819063004846526 0.20339572192513367
1 0.5623667205169629 0.5261497326203208 0.025234248788368344 0.21069518716577543
1 0.37792003231017773 0.5362566844919786 0.023691437802907906 0.21791443850267378
3 0.4936470113085622 0.493596256684492 0.017633279483037098 0.11788770053475936
8 0.7184652665589661 0.6448529411764705 0.04917609046849757 0.2618983957219251
8 0.45220113085621977 0.49731283422459893 0.05373990306946696 0.11120320855614974
8 0.5877261712439419 0.49038770053475933 0.0243699515347335 0.11954545454545448
8 0.872613085621971 0.7904144385026738 0.12422455573505661 0.40847593582887703
8 0.07373990306946689 0.6209358288770054 0.12255250403877221 0.24732620320855622
8 0.3158360258481422 0.5209358288770054 0.022689822294022645 0.13620320855614973
