0 0.16196054750402578 0.7551599999999999 0.32392109500805155 0.48434666666666665
0 0.3862117552334944 0.73464 0.23321256038647342 0.5149333333333334
0 0.8769283413848631 0.7618533333333333 0.24453301127214175 0.47096000000000005
0 0.5307930756843801 0.5830933333333334 0.0992834138486312 0.22655999999999993
0 0.6173228663446054 0.5030133333333333 0.04111916264090181 0.10559999999999999
0 0.7411151368760064 0.5579866666666666 0.05788244766505635 0.16498666666666667
8 0.6545209339774557 0.4636533333333333 0.020185185185185226 0.05440000000000001
8 0.7028341384863125 0.48913333333333336 0.02148148148148144 0.059119999999999964
8 0.6549959742351047 0.4634 0.018832528180354347 0.05234666666666665
8 0.6733937198067633 0.4548533333333333 0.01527375201288247 0.04421333333333337
