0 0.5935466988727858 0.4887866666666666 0.02498389694041875 0.06850666666666666
0 0.5319847020933978 0.4988 0.03739935587761679 0.07984
0 0.30415056360708537 0.5439866666666666 0.06029790660225442 0.10738666666666662
0 0.40749194847020936 0.5148133333333333 0.0300402576489533 0.06605333333333335
6 0.5054186795491143 0.46021333333333325 0.051272141706924367 0.08357333333333333
8 0.2515096618357488 0.5275733333333333 0.026916264090177094 0.03370666666666663
8 0.44302737520128826 0.4964266666666666 0.016859903381642557 0.04432000000000001
8 0.5657165861513688 0.4790266666666666 0.017101449275362324 0.04466666666666667
8 0.6971296296296297 0.43889333333333325 0.12165056360708537 0.034373333333333374
8 0.9143800322061191 0.44323999999999997 0.1649919484702092 0.04248000000000002
8 0.1943276972624799 0.55428 0.07467793880837362 0.07511999999999996
8 0.788961352657005 0.44732 0.0813848631239936 0.05010666666666665
