3 0.09440418679549115 0.6689333333333334 0.13156199677938807 0.4537066666666667
2 0.3868397745571659 0.50432 0.09788244766505635 0.2368533333333333
3 0.5318719806763286 0.5332266666666666 0.03580515297906604 0.14565333333333333
1 0.8341545893719806 0.54936 0.02808373590982286 0.22159999999999996
1 0.759488727858293 0.53728 0.023776167471819622 0.19024
7 0.6939814814814814 0.5464133333333333 0.04195652173913045 0.13666666666666666
7 0.6842834138486312 0.5477466666666666 0.04239935587761681 0.12018666666666665
0 0.316634460547504 0.5228 0.07294685990338166 0.08202666666666672
8 0.5662882447665055 0.47373333333333334 0.021835748792270536 0.05845333333333337
8 0.2186513687600644 0.52512 0.0864170692431562 0.12789333333333336
