0 0.4926731078904993 0.5095866666666666 0.025684380032206102 0.08189333333333328
4 0.5598027375201289 0.47748 0.04662640901771334 0.08306666666666668
4 0.1096135265700483 0.49449333333333334 0.2192270531400966 0.43960000000000005
0 0.2793840579710145 0.5396266666666667 0.04690016103059581 0.08405333333333335
0 0.3564774557165862 0.5124666666666666 0.025708534621578107 0.05410666666666664
5 0.3638204508856683 0.48782666666666663 0.02126409017713363 0.07170666666666663
8 0.4264170692431562 0.4771066666666666 0.011819645732689262 0.0265333333333333
8 0.41233091787439613 0.49148000000000003 0.012520128824476659 0.022853333333333316
8 0.31342190016103055 0.5167866666666667 0.020998389694041854 0.05010666666666665
8 0.2454830917874396 0.5431733333333333 0.031062801932367136 0.05845333333333337
