0 0.19829307568438004 0.7611066666666667 0.3240096618357488 0.4724533333333333
0 0.7602053140096618 0.7065333333333332 0.30970209339774557 0.5816
0 0.6400845410628019 0.6574933333333333 0.1347745571658615 0.32271999999999995
5 0.3688687600644122 0.6334266666666666 0.0690901771336554 0.15122666666666662
0 0.3971417069243156 0.5723066666666666 0.0639130434782609 0.1561333333333333
0 0.5782769726247987 0.58712 0.0893719806763285 0.19445333333333328
0 0.441634460547504 0.5114266666666666 0.024202898550724595 0.06797333333333336
0 0.5178904991948471 0.5031066666666666 0.023494363929146497 0.06482666666666667
8 0.4752093397745572 0.47573333333333334 0.00705314009661835 0.019839999999999993
8 0.49390499194847026 0.4818533333333333 0.013301127214170769 0.04077333333333331
8 0.4606119162640901 0.4931733333333333 0.021835748792270536 0.06954666666666662
