0 0.3281964573268921 0.5896666666666667 0.06521739130434782 0.14061333333333337
0 0.5579549114331723 0.5281466666666667 0.0492109500805153 0.12237333333333329
0 0.36162640901771337 0.5638799999999999 0.05175523349436391 0.1075466666666667
0 0.392572463768116 0.5332399999999999 0.03778582930756844 0.09906666666666668
0 0.4053220611916264 0.52332 0.030950080515297906 0.07687999999999995
2 0.8958293075684379 0.41712000000000005 0.09075684380032208 0.13386666666666672
0 0.040929951690821254 0.6102266666666667 0.08185990338164251 0.10701333333333332
0 0.07814814814814815 0.6010266666666666 0.09702093397745572 0.11704000000000003
8 0.46334138486312404 0.48774666666666655 0.014653784219001646 0.035919999999999994
8 0.5119565217391304 0.48491999999999996 0.013639291465378466 0.039706666666666626
8 0.48593397745571654 0.4779066666666666 0.008438003220611931 0.02626666666666665
8 0.43855877616747185 0.5020133333333333 0.013285024154589372 0.039866666666666634
8 0.9777254428341385 0.42650666666666665 0.04128019323671496 0.10287999999999996
8 0.619549114331723 0.44316 0.0813848631239935 0.052879999999999955
8 0.7034138486312399 0.45150666666666667 0.02099838969404181 0.052879999999999955
