0 0.6677938808373591 0.6102799999999999 0.12285024154589375 0.2515999999999999
0 0.5157971014492754 0.49455999999999994 0.057890499194847095 0.06688000000000004
1 0.3985426731078905 0.5141466666666666 0.012077294685990338 0.11741333333333333
3 0.7076690821256039 0.52704 0.05430756843800317 0.14026666666666665
0 0.6695652173913044 0.4794133333333333 0.05677938808373589 0.06986666666666663
0 0.8119605475040257 0.4706933333333333 0.0742914653784218 0.06746666666666662
2 0.969416264090177 0.46103999999999995 0.05955716586151371 0.08821333333333337
0 0.33238325281803544 0.5116133333333333 0.05115942028985504 0.06951999999999998
0 0.22183574879227053 0.5155066666666667 0.04581320450885671 0.06509333333333332
0 0.483768115942029 0.4877733333333333 0.01769726247987119 0.04013333333333336
0 0.45611111111111113 0.4879733333333333 0.02057971014492749 0.04095999999999996
8 0.5795209339774557 0.47118666666666664 0.009959742351046703 0.0265333333333333
8 0.5609500805152979 0.46442666666666665 0.007165861513687582 0.01781333333333335
8 0.06307568438003221 0.5404 0.08726247987117552 0.09178666666666671
