0 0.7017320261437909 0.4376621621621622 0.07137254901960785 0.0794324324324324
0 0.4551225490196078 0.4729324324324325 0.02207516339869289 0.05716216216216218
3 0.4904697712418301 0.4731486486486487 0.01821078431372546 0.05845945945945945
1 0.5046037581699346 0.4690945945945946 0.006805555555555496 0.05927027027027029
1 0.39136029411764706 0.48525675675675684 0.008439542483660118 0.06462162162162162
8 0.6503267973856209 0.4445270270270271 0.033611111111111196 0.044513513513513514
8 0.35097630718954254 0.5028513513513514 0.01933823529411766 0.07786486486486488
8 0.07262254901960785 0.5292567567567568 0.05544117647058822 0.06397297297297294
8 0.41773284313725495 0.4806216216216216 0.015138888888888914 0.05562162162162166
8 0.4345261437908496 0.46812162162162163 0.010098039215686286 0.03618918918918923
