1 0.580877616747182 0.51716 0.009227053140096557 0.08728000000000005
5 0.07437198067632851 0.5565066666666666 0.05689210950080515 0.10912000000000004
0 0.19283011272141706 0.56236 0.07946054750402574 0.12530666666666668
0 0.1612037037037037 0.5569466666666667 0.07725442834138485 0.11746666666666662
0 0.3257447665056361 0.52272 0.03506441223832529 0.06506666666666668
8 0.5402938808373592 0.4973333333333333 0.011779388083735905 0.06122666666666661
8 0.6375805152979066 0.49316 0.09396940418679552 0.052879999999999955
8 0.7168357487922705 0.5667733333333334 0.13003220611916264 0.13343999999999998
8 0.5620933977455715 0.50568 0.011771336553945253 0.061226666666666686
8 0.48158615136876004 0.4890133333333333 0.018486312399355907 0.027893333333333353
