0 0.5287721417069242 0.5285333333333333 0.027657004830917892 0.07088000000000003
2 0.3950201288244767 0.5134666666666666 0.07931561996779388 0.10554666666666669
0 0.3549476650563607 0.5594 0.09656199677938809 0.11735999999999998
0 0.33728260869565213 0.5600133333333333 0.09941223832528177 0.13384
0 0.254134460547504 0.6025999999999999 0.16055555555555553 0.18855999999999995
0 0.13382850241545893 0.6637733333333333 0.26765700483091787 0.2913866666666667
0 0.7046336553945249 0.7343999999999999 0.24450080515297903 0.5258666666666666
0 0.15608695652173915 0.78796 0.3121739130434783 0.41874666666666666
4 0.5170330112721416 0.4993733333333333 0.028913043478260844 0.08530666666666661
8 0.49167874396135264 0.4951466666666667 0.012632850241545847 0.03424000000000001
8 0.4537359098228663 0.4991333333333334 0.02690821256038644 0.045146666666666606
