0 0.756755233494364 0.7657733333333334 0.2493075684380032 0.46312
2 0.08921900161030596 0.7038666666666666 0.17843800322061193 0.5196266666666666
0 0.17716586151368763 0.62412 0.20389694041867956 0.28968000000000005
0 0.747842190016103 0.6097733333333333 0.18599033816425112 0.19250666666666666
0 0.7084661835748792 0.5818933333333333 0.13570853462157814 0.19408
0 0.6368317230273751 0.5408666666666666 0.11298711755233498 0.14402666666666672
5 0.31520531400966184 0.5913466666666667 0.07496779388083737 0.12050666666666665
0 0.3006038647342995 0.5324933333333334 0.12739130434782606 0.21442666666666665
2 0.5342270531400967 0.5025999999999999 0.0419645732689211 0.14221333333333327
0 0.35888888888888887 0.5362133333333333 0.08843800322061195 0.09738666666666669
0 0.386195652173913 0.5219199999999999 0.07458132045088571 0.10245333333333337
2 0.5164855072463769 0.49053333333333327 0.026336553945249627 0.10175999999999999
2 0.4312278582930757 0.4869466666666667 0.047560386473429944 0.07736000000000005
8 0.48019323671497594 0.48567999999999995 0.03589371980676332 0.03557333333333334
