0 0.8573832528180353 0.77912 0.2836231884057971 0.43642666666666663
0 0.3910305958132045 0.62844 0.13323671497584538 0.29869333333333337
0 0.49543075684380034 0.51276 0.042536231884058 0.11330666666666668
0 0.6305193236714975 0.5689866666666666 0.06026570048309181 0.18048
3 0.5459621578099839 0.4950933333333334 0.00747987117552332 0.07557333333333334
0 0.6219806763285024 0.5528266666666667 0.046022544283413916 0.12581333333333336
8 0.5781119162640902 0.48428000000000004 0.017979066022544225 0.06178666666666663
8 0.5313687600644122 0.471 0.012914653784218973 0.04951999999999998
8 0.18159420289855072 0.7182 0.36318840579710143 0.5529333333333333
8 0.5142914653784219 0.5112266666666666 0.02855072463768119 0.06677333333333331
