0 0.7447140522875817 0.43787837837837834 0.08867647058823527 0.09678378378378372
0 0.44767156862745106 0.494891891891892 0.02588235294117643 0.06616216216216214
3 0.5111846405228758 0.4821891891891893 0.02089869281045755 0.06664864864864864
1 0.49040849673202613 0.48971621621621625 0.012254901960784314 0.06727027027027024
1 0.3822058823529412 0.5004864864864865 0.010081699346405255 0.07351351351351348
8 0.6685294117647059 0.4447297297297298 0.03924836601307187 0.05010810810810809
8 0.8351756535947712 0.43085135135135144 0.26035130718954247 0.16127027027027024
8 0.33838235294117647 0.5125675675675675 0.02101307189542486 0.0750810810810811
8 0.4215114379084968 0.48895945945945946 0.015980392156862793 0.07229729729729731
8 0.46811683006535953 0.4833918918918919 0.021854575163398695 0.06672972972972972
