0 0.19900161030595812 0.6930533333333333 0.39800322061191623 0.5379466666666666
0 0.9323953301127212 0.67964 0.13359903381642518 0.4309066666666667
0 0.5609863123993559 0.5733866666666667 0.10319645732689217 0.18965333333333334
1 0.8452254428341385 0.4960266666666666 0.02376811594202897 0.14864000000000002
0 0.8456964573268921 0.5493333333333333 0.07004025764895322 0.1686933333333333
0 0.6495692431561997 0.51564 0.053985507246376775 0.11634666666666665
0 0.6702979066022544 0.5002133333333333 0.04041867954911437 0.09413333333333329
8 0.4927294685990338 0.4766666666666666 0.02463768115942031 0.05050666666666666
8 0.7206159420289855 0.4813866666666667 0.036288244766505585 0.07082666666666668
8 0.7947222222222222 0.4808133333333333 0.04348631239935587 0.0706933333333333
8 0.760366344605475 0.45828 0.016143317230273714 0.014426666666666657
8 0.8954629629629629 0.44732 0.08641706924315615 0.08343999999999997
