0 0.22079710144927536 0.5656266666666667 0.11632850241545895 0.1335466666666667
2 0.05583735909822866 0.5436 0.11167471819645731 0.18586666666666662
1 0.8445169082125603 0.5949466666666666 0.044814814814814884 0.37351999999999996
0 0.38334541062801936 0.52892 0.06955716586151363 0.10077333333333338
0 0.33480273752012885 0.5249199999999999 0.06253623188405798 0.08450666666666666
0 0.44807165861513687 0.5000666666666667 0.03604669887278582 0.06765333333333334
2 0.5002818035426732 0.49164 0.020289855072463805 0.05720000000000004
0 0.482512077294686 0.5137066666666666 0.0433977455716586 0.0728533333333334
0 0.5935789049919484 0.4919866666666667 0.02024959742351045 0.04274666666666667
8 0.6192914653784218 0.4822399999999999 0.019307568438003235 0.04575999999999999
8 0.6467270531400966 0.48660000000000003 0.0193478260869565 0.05975999999999999
8 0.5293075684380033 0.4826533333333333 0.02059581320450889 0.04887999999999996
8 0.7555515297906602 0.4562533333333333 0.14438808373590975 0.06050666666666666
8 0.9284541062801931 0.4568533333333333 0.1269565217391305 0.04357333333333334
8 0.5688043478260869 0.48066666666666663 0.023518518518518456 0.027893333333333277
