0 0.8112377450980391 0.45354054054054055 0.1161519607843137 0.12356756756756757
0 0.43821486928104575 0.5102297297297298 0.031184640522875878 0.0782972972972973
3 0.538374183006536 0.4951891891891892 0.024346405228758132 0.07697297297297302
3 0.4914133986928105 0.489445945945946 0.023235294117647104 0.07737837837837837
3 0.322593954248366 0.5277702702702703 0.020155228758169948 0.09472972972972976
1 0.4640890522875818 0.4995 0.009534313725490164 0.07781081081081087
1 0.37252859477124184 0.5164729729729731 0.012524509803921556 0.08521621621621622
8 0.68875 0.4650000000000001 0.04446078431372546 0.03794594594594593
8 0.7380759803921568 0.4486756756756757 0.03948529411764709 0.06951351351351351
8 0.9656004901960784 0.40841891891891896 0.04116830065359467 0.07229729729729731
