0 0.03121980676328502 0.5307733333333333 0.06243961352657004 0.13568
0 0.11054750402576491 0.5206266666666667 0.06552334943639292 0.0966133333333333
0 0.13263285024154592 0.48451999999999995 0.056086956521739124 0.08040000000000001
0 0.48471417069243156 0.53648 0.04838164251207723 0.15973333333333334
0 0.20198872785829308 0.4783866666666667 0.03223832528180354 0.061679999999999985
3 0.6188768115942029 0.5018266666666666 0.009251207729468606 0.07255999999999994
8 0.3340056360708535 0.47544000000000003 0.028059581320450857 0.03194666666666664
8 0.38348228663446055 0.4648666666666666 0.006513687600644102 0.02157333333333334
8 0.3984863123993559 0.46514666666666665 0.007761674718196446 0.02026666666666665
8 0.441976650563607 0.45583999999999997 0.011570048309178748 0.03749333333333334
