0 0.05001610305958132 0.79136 0.10003220611916264 0.4119466666666666
0 0.731574074074074 0.6747466666666666 0.21029790660225448 0.39274666666666674
0 0.25959339774557166 0.6241066666666666 0.13870370370370372 0.23781333333333335
0 0.6284219001610306 0.5869466666666667 0.1100322061191627 0.22232000000000007
0 0.3782769726247987 0.5282266666666666 0.04718196457326894 0.10989333333333336
0 0.5705917874396135 0.5332933333333334 0.05762479871175527 0.13634666666666673
0 0.5564412238325281 0.51896 0.04462157809983894 0.10938666666666669
0 0.39659420289855074 0.51832 0.033172302737520074 0.08645333333333337
8 0.08556360708534622 0.54316 0.17112721417069243 0.17512000000000003
8 0.581388888888889 0.45983999999999997 0.016803542673107894 0.06954666666666662
8 0.6556119162640902 0.45287999999999995 0.04112721417069237 0.061226666666666686
