0 0.5786352657004831 0.5639733333333333 0.07957326892109504 0.20533333333333334
0 0.2063768115942029 0.6037866666666666 0.18758454106280192 0.23386666666666664
0 0.24956924315619972 0.5868666666666666 0.19084541062801935 0.2023733333333333
0 0.28544685990338164 0.57984 0.1415378421900161 0.16896000000000003
0 0.34167874396135267 0.5307066666666667 0.11462962962962964 0.15650666666666674
0 0.32761674718196454 0.54872 0.0947987117552335 0.14618666666666663
0 0.5250644122383252 0.5152533333333333 0.02671497584541068 0.07087999999999996
0 0.5440056360708534 0.5366666666666666 0.03999194847020931 0.10773333333333326
5 0.10024557165861513 0.7806799999999999 0.18015297906602254 0.32792
5 0.16247584541062804 0.6915199999999999 0.15078099838969405 0.2964800000000001
5 0.21258051529790659 0.6719066666666667 0.11253623188405801 0.2454666666666667
5 0.8773309178743961 0.8303866666666666 0.24372785829307572 0.3338933333333333
8 0.4219323671497584 0.4879733333333333 0.05544283413848632 0.08682666666666666
8 0.4622383252818036 0.4748 0.024573268921094994 0.06336000000000006
8 0.49464573268921097 0.4767199999999999 0.010853462157809999 0.03541333333333334
8 0.48235507246376813 0.47573333333333334 0.005805152979066052 0.013653333333333345
8 0.5109339774557166 0.5014933333333333 0.030225442834138548 0.064
