3 0.7374114331723027 0.6037066666666666 0.06477455716586154 0.3803733333333333
1 0.621658615136876 0.5496533333333333 0.022190016103059537 0.2501866666666666
7 0.9431884057971015 0.7288933333333333 0.07235104669887271 0.3179999999999999
7 0.9785668276972626 0.73844 0.041256038647343 0.29544
1 0.9890378421900161 0.61012 0.020314009661835764 0.42360000000000003
1 0.7970813204508856 0.5715199999999999 0.03150563607085346 0.2774933333333334
1 0.7736916264090177 0.5625999999999999 0.026594202898550794 0.24429333333333328
1 0.23212962962962963 0.5609866666666666 0.025241545893719824 0.2043733333333333
1 0.2945450885668277 0.5517733333333333 0.019605475040257666 0.20514666666666667
2 0.46721417069243154 0.47198666666666667 0.04847020933977459 0.1265333333333333
8 0.04168276972624799 0.5764933333333333 0.05119162640901771 0.18066666666666667
8 0.18929146537842192 0.5612266666666665 0.04951690821256041 0.12789333333333336
8 0.42328904991948474 0.5154 0.03609500805152978 0.11399999999999999
8 0.6593840579710144 0.5653866666666666 0.03358293075684374 0.13621333333333335
8 0.6841304347826087 0.5348266666666667 0.01764895330112718 0.10287999999999996
8 0.3914210950080515 0.4848266666666667 0.09648148148148142 0.09178666666666671
