0 0.47074879227053135 0.58112 0.07188405797101446 0.22666666666666674
0 0.4863244766505636 0.5345066666666667 0.05306763285024161 0.18335999999999997
0 0.6144967793880837 0.5827866666666667 0.09469404186795492 0.2491466666666666
0 0.5666505636070853 0.5527466666666666 0.06392914653784217 0.16351999999999997
0 0.539963768115942 0.5261733333333333 0.043631239935587804 0.12375999999999998
0 0.301694847020934 0.50992 0.04371175523349438 0.061919999999999996
0 0.21012479871175524 0.5234933333333334 0.0489291465378422 0.06373333333333327
8 0.349194847020934 0.48884 0.01294685990338163 0.03458666666666666
8 0.16687600644122383 0.5103733333333332 0.028470209339774545 0.05072000000000003
8 0.0504951690821256 0.5149199999999999 0.0680756843800322 0.05416000000000001
