0 0.9705152979066023 0.74492 0.057359098228663453 0.5048266666666666
0 0.47349436392914646 0.5782133333333332 0.2185346215780998 0.2886933333333333
0 0.011702898550724638 0.4923333333333333 0.023405797101449275 0.11058666666666674
0 0.984512882447665 0.6235466666666666 0.029363929146537866 0.31034666666666666
0 0.7224476650563607 0.54652 0.09677938808373594 0.15410666666666664
0 0.8231924315619967 0.4967866666666667 0.06337359098228666 0.11111999999999997
8 0.013856682769726248 0.5223333333333333 0.027713365539452497 0.10567999999999998
8 0.6245772946859902 0.46399999999999997 0.03609500805152983 0.07232000000000001
8 0.8833494363929145 0.46675999999999995 0.04028985507246392 0.12232000000000001
8 0.952109500805153 0.4626266666666667 0.060418679549114306 0.07511999999999996
8 0.7566787439613527 0.45287999999999995 0.1040338164251207 0.06677333333333331
