0 0.2283856682769726 0.6423333333333333 0.13008856682769726 0.23960000000000006
0 0.5941545893719807 0.56076 0.08093397745571666 0.18893333333333331
0 0.30944847020933974 0.58812 0.08414653784219 0.15768000000000007
0 0.3654428341384863 0.5419333333333333 0.0535587761674718 0.13149333333333332
0 0.38689210950080516 0.5322666666666667 0.040853462157809994 0.09680000000000002
0 0.5190136876006441 0.49022666666666664 0.01599838969404187 0.046480000000000014
2 0.9792834138486313 0.43716 0.0398228663446055 0.16274666666666665
8 0.43461352657004826 0.49316 0.020161030595813176 0.04733333333333333
8 0.45977455716586146 0.49456 0.02687600644122383 0.055679999999999986
8 0.495 0.4723333333333333 0.030225442834138458 0.055653333333333346
8 0.5646175523349437 0.47510666666666673 0.06210144927536231 0.04456000000000002
8 0.6539371980676328 0.4514933333333333 0.06797101449275358 0.09178666666666671
