0 0.2897987117552335 0.6075866666666666 0.08798711755233492 0.17719999999999997
0 0.572451690821256 0.54548 0.06139291465378422 0.14866666666666667
0 0.33867954911433173 0.5781866666666666 0.06465378421900161 0.1286933333333333
0 0.38034621578099836 0.5393066666666667 0.0444927536231884 0.11311999999999996
0 0.3964573268921095 0.5326933333333332 0.03528180354267306 0.08624000000000001
2 0.9482125603864733 0.41960000000000003 0.10196457326892118 0.15343999999999997
0 0.035905797101449276 0.6081333333333333 0.07181159420289855 0.13237333333333337
8 0.44803542673107893 0.4987333333333333 0.05035426731078902 0.04733333333333333
8 0.5159702093397746 0.4876 0.015128824476650534 0.03621333333333329
8 0.49709339774557165 0.48344 0.03106280193236709 0.038986666666666676
8 0.41741948470209334 0.5265066666666667 0.022681159420289823 0.06954666666666662
8 0.609061996779388 0.46399999999999997 0.11409822866344599 0.06122666666666661
