0 0.03273752012882447 0.7023866666666666 0.06547504025764894 0.35991999999999996
0 0.12242753623188406 0.61932 0.1886876006441224 0.24477333333333331
0 0.18989130434782606 0.5774133333333333 0.1532769726247987 0.19605333333333327
0 0.22832125603864734 0.5707333333333332 0.13965378421900163 0.15826666666666664
0 0.2658454106280193 0.5428266666666667 0.1240901771336554 0.15818666666666664
0 0.29681159420289854 0.54524 0.0969243156199678 0.12317333333333333
0 0.312512077294686 0.5322533333333334 0.08413848631239935 0.09976000000000006
0 0.32812399355877614 0.5327733333333333 0.06732689210950077 0.104
0 0.34984702093397746 0.5292800000000001 0.06950080515297906 0.08026666666666665
0 0.36071658615136876 0.5069333333333333 0.0600805152979066 0.08933333333333333
0 0.3741988727858293 0.51096 0.05958937198067632 0.07936000000000006
0 0.384158615136876 0.50768 0.055370370370370355 0.07119999999999997
8 0.43713365539452503 0.49176 0.0285507246376811 0.038986666666666676
8 0.7830917874396135 0.4778933333333333 0.343059581320451 0.09456000000000002
8 0.9600523349436393 0.50844 0.06293880837359105 0.2778933333333333
8 0.5218397745571659 0.4834266666666666 0.0352576489533011 0.055653333333333346
8 0.03650161030595813 0.7098399999999999 0.07300322061191626 0.3917866666666666
