0 0.3346014492753623 0.5531200000000001 0.04103864734299519 0.11520000000000004
2 0.28654186795491143 0.53108 0.047367149758454095 0.11586666666666663
0 0.1306964573268921 0.6669200000000001 0.1311352657004831 0.23501333333333338
0 0.05599838969404187 0.67084 0.11199677938808374 0.20509333333333324
0 0.1434903381642512 0.5680666666666666 0.06730273752012883 0.0665333333333333
0 0.7072987117552334 0.49770666666666663 0.03392109500805152 0.06336000000000006
8 0.2186513687600644 0.5459333333333333 0.04448470209339775 0.052879999999999955
8 0.365841384863124 0.5404 0.025193236714975815 0.09178666666666671
8 0.8833373590982286 0.4653733333333333 0.1040338164251208 0.08621333333333336
8 0.808256843800322 0.4695599999999999 0.012616747181964632 0.07789333333333336
8 0.755 0.4737066666666666 0.05035426731078902 0.0695466666666667
