1 0.7976534733441034 0.6534625668449198 0.06430533117932141 0.41259358288770054
1 0.04637318255250404 0.7586631016042781 0.09274636510500808 0.4773262032085562
1 0.35420436187399035 0.6043582887700535 0.030201938610662348 0.2614973262032086
1 0.43134087237479807 0.5574197860962566 0.013812600969305259 0.1497058823529412
1 0.4746930533117933 0.5381016042780749 0.015040387722132476 0.11684491978609622
1 0.5180613893376413 0.5359491978609625 0.010807754442649432 0.11569518716577543
2 0.6415468497576737 0.521403743315508 0.14060581583198703 0.47655080213903744
8 0.03639337641357027 0.7251069518716577 0.06296445880452343 0.40566844919786094
8 0.5490589660743134 0.5257887700534759 0.040072697899838465 0.14510695187165779
8 0.497516155088853 0.5278877005347593 0.021849757673667262 0.09454545454545457
