3 0.770390499194847 0.5449999999999999 0.05743156199677942 0.2997066666666666
1 0.7960225442834139 0.5349333333333334 0.028325281803542633 0.22122666666666668
1 0.8241867954911433 0.5318133333333334 0.02711755233494369 0.2246933333333333
5 0.8096135265700483 0.5757599999999999 0.03371980676328502 0.1279466666666667
3 0.6341103059581321 0.5028 0.013743961352657045 0.11104000000000004
8 0.9139694041867955 0.47929333333333335 0.1501610305958132 0.07511999999999996
8 0.6300322061191627 0.4653866666666666 0.21809983896940427 0.025119999999999965
8 0.6967109500805153 0.50012 0.08474235104669887 0.04456000000000002
8 0.3951932367149758 0.4848266666666667 0.011771336553945253 0.02512000000000004
8 0.4572584541062802 0.47928 0.011779388083735905 0.030666666666666665
