0 0.8763164251207729 0.7264666666666667 0.2457568438003221 0.5417333333333333
0 0.12613526570048308 0.7449066666666666 0.25227053140096617 0.4283199999999999
0 0.7138768115942029 0.6564933333333333 0.20371175523349436 0.3787999999999999
0 0.35289855072463766 0.5379333333333333 0.06175523349436392 0.13565333333333335
0 0.5948631239935587 0.5456533333333333 0.07924315619967791 0.18090666666666666
0 0.5721497584541062 0.5226933333333333 0.05708534621578098 0.13653333333333337
0 0.379219001610306 0.5232533333333333 0.0412399355877617 0.10319999999999997
8 0.1821658615136876 0.50984 0.1409339774557166 0.15845333333333336
8 0.5914492753623187 0.4612266666666667 0.0285507246376811 0.12234666666666665
8 0.678256843800322 0.4445466666666666 0.05454911433172303 0.08343999999999997
