2 0.17047101449275362 0.5124533333333333 0.07532206119162642 0.12421333333333336
5 0.22026570048309177 0.5143333333333333 0.03584541062801931 0.08328000000000005
0 0.31913446054750405 0.5150933333333333 0.03685185185185184 0.057386666666666614
2 0.2824355877616747 0.49964000000000003 0.04116747181964573 0.06946666666666662
8 0.3712962962962963 0.49316 0.017648953301127226 0.04178666666666671
8 0.4094565217391304 0.4862266666666667 0.043647342995169064 0.03901333333333332
8 0.5390297906602255 0.49176 0.024355877616747183 0.038986666666666676
8 0.499194847020934 0.48345333333333335 0.008421900161030626 0.01677333333333331
8 0.4614573268921096 0.48761333333333334 0.0067471819645732655 0.0195466666666667
8 0.5809702093397746 0.48344000000000004 0.04448470209339775 0.03343999999999998
