0 0.34782608695652173 0.5444133333333333 0.03929146537842186 0.11085333333333332
2 0.29934782608695654 0.5207733333333333 0.04619967793880837 0.11381333333333335
0 0.16259661835748793 0.6417066666666666 0.11546698872785827 0.21248
0 0.0780877616747182 0.65656 0.1265619967793881 0.19045333333333336
0 0.15952495974235104 0.55652 0.06508856682769726 0.06434666666666665
0 0.7188405797101449 0.4852266666666666 0.03360708534621579 0.06208
8 0.7717713365539453 0.45428 0.03861513687600647 0.05288000000000003
8 0.37758051529790665 0.5250933333333333 0.03525764895330114 0.07232000000000001
8 0.23626006441223832 0.5417866666666666 0.046159420289855105 0.06677333333333331
8 0.890877616747182 0.45287999999999995 0.15099838969404183 0.06677333333333331
