1 0.5633158319870759 0.6818716577540106 0.05609854604200327 0.5099465240641711
1 0.6157592891760905 0.6713101604278074 0.06631663974151861 0.5271122994652405
1 0.19933360258481422 0.6714839572192512 0.06721324717285947 0.5151069518716577
3 0.23442245557350566 0.7026069518716577 0.1291357027463651 0.5894385026737967
1 0.6444991922455574 0.5288368983957219 0.02457189014539586 0.20168449197860963
1 0.6631017770597738 0.49776737967914436 0.012326332794830365 0.14387700534759357
1 0.6923505654281099 0.5553475935828877 0.023990306946688245 0.25026737967914436
0 0.4356260096930534 0.5025802139037432 0.03811793214862677 0.1135561497326203
8 0.3512722132471729 0.5438903743315507 0.059087237479806126 0.18697860962566845
8 0.4861712439418417 0.4956016042780748 0.04033925686591281 0.10077540106951871
8 0.714034733441034 0.5490508021390375 0.017940226171243974 0.18008021390374337
