0 0.8422467320261438 0.4484324324324325 0.12936274509803916 0.13594594594594592
0 0.4349264705882353 0.5113648648648649 0.03334967320261437 0.0831621621621622
3 0.5497875816993465 0.48945945945945957 0.02573529411764706 0.08135135135135134
3 0.5019975490196078 0.4916621621621622 0.024436274509803898 0.08105405405405408
3 0.3160294117647059 0.5292837837837837 0.022271241830065354 0.09872972972972974
1 0.45571078431372547 0.4969054054054054 0.012532679738562117 0.08224324324324327
1 0.37054738562091505 0.5167162162162162 0.011437908496732027 0.08986486486486486
8 0.721576797385621 0.4542162162162163 0.09553921568627446 0.08345945945945946
8 0.9757393790849672 0.39995945945945954 0.029910130718954167 0.06105405405405406
8 0.29640114379084964 0.5237027027027027 0.009256535947712405 0.0750810810810811
