0 0.5899114331723027 0.5289733333333333 0.04727858293075687 0.11672000000000002
0 0.629585346215781 0.48044000000000003 0.042117552334943686 0.048880000000000035
1 0.43953301127214167 0.4932533333333333 0.008856682769726247 0.0797866666666667
3 0.6439412238325282 0.49176 0.0345652173913044 0.08928000000000004
0 0.7355958132045088 0.46814666666666666 0.048051529790660276 0.057146666666666686
2 0.9135104669887278 0.44798666666666664 0.0589694041867955 0.07026666666666664
8 0.16976650563607087 0.5266666666666666 0.076280193236715 0.07669333333333331
8 0.3179468599033816 0.5085466666666666 0.03096618357487921 0.061146666666666606
8 0.5098711755233494 0.46715999999999996 0.0919001610305958 0.07496000000000004
8 0.9658373590982288 0.45248 0.03409017713365533 0.07669333333333331
