0 0.5678341384863124 0.48419999999999996 0.016199677938808287 0.04466666666666667
2 0.597181964573269 0.46729333333333334 0.01734299516908219 0.054639999999999946
0 0.5135547504025765 0.51176 0.04522544283413845 0.08186666666666663
2 0.05376409017713366 0.5699466666666666 0.10752818035426732 0.32725333333333323
4 0.36411030595813204 0.4577866666666667 0.12886473429951692 0.2613866666666667
0 0.4194404186795492 0.5974400000000001 0.1364814814814815 0.23301333333333338
6 0.4884702093397746 0.46301333333333333 0.04979066022544286 0.07733333333333334
8 0.2411191626409018 0.51976 0.09190016103059583 0.10773333333333335
8 0.5481561996779387 0.47403999999999996 0.02054750402576497 0.0404533333333333
8 0.812926731078905 0.4404 0.370925925925926 0.06287999999999995
