0 0.1034098228663446 0.7859066666666668 0.2068196457326892 0.4228533333333333
0 0.49729468599033816 0.5668933333333332 0.05368760064412243 0.12306666666666667
0 0.6912117552334943 0.5279466666666667 0.10456521739130435 0.1464
0 0.48206521739130437 0.55224 0.03880032206119167 0.10549333333333334
0 0.3425805152979066 0.5509333333333334 0.034967793880837365 0.08559999999999998
0 0.6263204508856682 0.5269466666666667 0.08983896940418673 0.09874666666666666
0 0.6611755233494364 0.5300133333333333 0.09491143317230273 0.11575999999999999
0 0.4627858293075684 0.5160933333333333 0.01835748792270528 0.06114666666666668
0 0.6673913043478261 0.7208933333333334 0.1978743961352657 0.3772
8 0.39919082125603866 0.5344133333333333 0.07575684380032209 0.09565333333333334
8 0.19763687600644123 0.5465066666666667 0.06950885668276971 0.06805333333333329
8 0.9373953301127214 0.7199333333333334 0.12197262479871177 0.5494666666666667
8 0.8416465378421899 0.5206133333333334 0.08461352657004824 0.11290666666666667
