0 0.2165458937198068 0.5604133333333333 0.11265700483091788 0.12749333333333335
2 0.15973429951690823 0.52964 0.1235426731078905 0.15181333333333336
1 0.7823309178743961 0.5730133333333333 0.03313204508856681 0.29429333333333335
0 0.38052334943639293 0.5261066666666666 0.06806763285024156 0.09701333333333331
0 0.38285829307568436 0.5148666666666666 0.05120772946859905 0.07341333333333333
0 0.4752737520128824 0.4950533333333333 0.031223832528180333 0.06109333333333332
2 0.5167552334943639 0.48733333333333334 0.01647342995169076 0.052853333333333315
0 0.48092190016103065 0.5084666666666667 0.04343800322061186 0.07111999999999996
0 0.5997987117552336 0.48734666666666665 0.02035426731078912 0.041946666666666715
8 0.5398228663446055 0.4809333333333333 0.02054750402576488 0.05770666666666663
8 0.4348711755233495 0.49561333333333335 0.02940418679549113 0.06978666666666664
8 0.8048510466988728 0.4636933333333333 0.38707729468599034 0.09565333333333334
