0 0.42560789049919484 0.5218533333333333 0.026336553945249627 0.07506666666666668
0 0.170805152979066 0.5162666666666668 0.05629629629629629 0.09157333333333334
0 0.21617149758454107 0.5182533333333333 0.045563607085346194 0.06914666666666668
0 0.9005314009661836 0.5781066666666667 0.09133655394524964 0.10581333333333334
0 0.25188405797101454 0.5172933333333334 0.03842190016103057 0.06258666666666667
0 0.44777375201288244 0.5094666666666667 0.019122383252818037 0.05018666666666672
0 0.4801731078904992 0.54416 0.040925925925925866 0.13503999999999997
0 0.10580515297906602 0.53076 0.07774557165861513 0.09506666666666667
3 0.7362520128824477 0.56572 0.024307568438003174 0.12551999999999996
0 0.970462962962963 0.5762133333333334 0.05746376811594194 0.09717333333333332
8 0.37523752012882444 0.4895733333333333 0.012214170692431576 0.04735999999999997
8 0.4046658615136876 0.49130666666666667 0.01377616747181961 0.03701333333333332
8 0.5385225442834138 0.4844 0.05128019323671502 0.023199999999999967
