0 0.4971474617244158 0.5742154255319148 0.06979854955680903 0.20976063829787234
0 0.2185374697824335 0.6784441489361702 0.18139403706688154 0.32555851063829794
0 0.16285253827558419 0.6023404255319148 0.14812248186946012 0.2223404255319148
0 0.3485535858178888 0.5705585106382979 0.08387590652699438 0.1687765957446808
5 0.39628122481869454 0.457686170212766 0.08411764705882356 0.2698404255319149
5 0.4461402095084609 0.46062499999999995 0.02800966962127316 0.12481382978723406
0 0.04029814665592264 0.5968218085106383 0.08059629331184529 0.2025797872340426
0 0.22547542304593068 0.5399734042553191 0.07217566478646255 0.10537234042553192
2 0.28324335213537466 0.5032313829787234 0.05510878323932311 0.11252659574468085
0 0.5436986301369863 0.5113164893617022 0.025028203062046693 0.04795212765957447
8 0.5856526994359388 0.5085106382978724 0.019508460918613958 0.0506382978723404
