0 0.8782393790849675 0.45313513513513515 0.1458251633986928 0.15135135135135136
0 0.4313888888888889 0.5132432432432432 0.03580065359477119 0.08859459459459461
3 0.5622753267973857 0.48520270270270277 0.02739379084967318 0.08597297297297299
3 0.5130187908496732 0.4915405405405406 0.025743464052287668 0.08508108108108113
3 0.30889705882352947 0.530918918918919 0.02455882352941177 0.10308108108108105
1 0.36972630718954247 0.5169864864864865 0.013341503267973844 0.0951081081081081
8 0.40308823529411764 0.5076486486486487 0.01689542483660131 0.11102702702702706
8 0.286687091503268 0.5317567567567568 0.01012254901960788 0.09032432432432437
8 0.45933823529411766 0.48781081081081085 0.011683006535947676 0.0782702702702703
8 0.7374632352941176 0.4499054054054054 0.11376633986928104 0.07483783783783783
8 0.9769485294117646 0.43440540540540545 0.0427859477124184 0.11962162162162168
8 0.6088194444444445 0.4688513513513514 0.00959967320261438 0.07137837837837838
