1 0.3601086956521739 0.63956 0.03673913043478261 0.3308533333333333
1 0.3250684380032206 0.6338266666666666 0.039025764895330134 0.35608
1 0.594609500805153 0.5443866666666666 0.029428341384863086 0.2353866666666667
1 0.62493961352657 0.5404933333333333 0.024694041867954878 0.24184
3 0.7097705314009661 0.5509466666666666 0.025724637681159457 0.15016
1 0.2959219001610306 0.5619999999999999 0.026143317230273726 0.22245333333333336
8 0.6520571658615137 0.5059733333333334 0.014822866344605449 0.07669333333333331
8 0.7403462157809984 0.5283866666666666 0.021594202898550675 0.17672000000000002
8 0.48747584541062794 0.49473333333333336 0.020024154589371984 0.06114666666666668
8 0.5262761674718196 0.48008 0.025756843800322067 0.0525333333333333
