1 0.2826090468497577 0.5616310160427808 0.02935379644588048 0.28021390374331545
1 0.09146203554119547 0.7049331550802138 0.058158319870759284 0.5847860962566844
1 0.5201373182552504 0.5453342245989304 0.023957996768982207 0.16056149732620315
1 0.4168982229402262 0.5458021390374331 0.018303715670436208 0.18695187165775404
1 0.460016155088853 0.5210427807486631 0.017237479806138867 0.15352941176470591
1 0.5155694668820678 0.5052673796791444 0.012108239095315032 0.13625668449197856
1 0.5031138933764137 0.5005481283422459 0.008618739903069526 0.09991978609625661
2 0.7943739903069467 0.49866310160427807 0.3818336025848142 0.9973262032085561
8 0.48461227786752836 0.5025133689839572 0.014297253634894938 0.12491978609625667
8 0.563772213247173 0.49300802139037425 0.053877221324717235 0.13008021390374333
