0 0.6085507246376811 0.54652 0.0651207729468599 0.15106666666666668
0 0.5970933977455716 0.48014666666666667 0.048051529790660186 0.053893333333333356
1 0.42781400966183575 0.49909333333333333 0.005370370370370337 0.09082666666666667
3 0.6636231884057971 0.49429333333333336 0.040273752012882434 0.10501333333333339
0 0.7220652173913044 0.46852 0.05152173913043479 0.062
2 0.9473228663446053 0.45419999999999994 0.06678743961352661 0.07725333333333333
0 0.3125563607085346 0.5051066666666667 0.0435990338164251 0.056880000000000035
8 0.11794685990338165 0.51544 0.09138486312399358 0.09221333333333337
8 0.5054428341384863 0.4611066666666666 0.09763285024154589 0.09048000000000002
8 0.7799275362318842 0.43867999999999996 0.027842190016103094 0.0697866666666667
8 0.9905394524959742 0.4611066666666666 0.01570048309178744 0.11464000000000002
