0 0.47857373086220795 0.518191489361702 0.03555197421434327 0.10696808510638298
0 0.096941982272361 0.7524468085106383 0.193883964544722 0.48978723404255314
2 0.15002820306204673 0.5830186170212766 0.15594681708299754 0.27013297872340425
5 0.29984286865431103 0.549813829787234 0.11707493956486706 0.3508510638297872
2 0.3491861402095085 0.5154654255319149 0.0973569701853344 0.2814095744680851
0 0.250334407735697 0.5641090425531915 0.07588235294117648 0.13247340425531914
0 0.4019218372280419 0.5107047872340424 0.041780821917808235 0.10912234042553191
0 0.4210757453666398 0.5133244680851063 0.02639000805801768 0.06425531914893616
2 0.43448831587429493 0.47607712765957444 0.024641418211120095 0.08827127659574467
0 0.07384770346494762 0.5912101063829788 0.14769540692989525 0.19545212765957448
