3 0.17175925925925928 0.7095333333333332 0.16528985507246377 0.5756
3 0.31243961352657 0.6346933333333333 0.06608695652173911 0.45648000000000005
1 0.4362238325281803 0.5392133333333333 0.015909822866344597 0.14024
1 0.41891304347826086 0.53412 0.017020933977455705 0.1487733333333333
1 0.5127858293075684 0.5020933333333333 0.012093397745571643 0.11016000000000001
1 0.5277375201288245 0.5086133333333334 0.010885668276972611 0.11189333333333334
8 0.6911231884057971 0.5404666666666667 0.033566827697262526 0.20434666666666665
8 0.3851328502415459 0.50596 0.01638486312399353 0.12152000000000006
8 0.5661231884057971 0.4990666666666666 0.05440418679549109 0.09738666666666669
8 0.48487117552334946 0.49044 0.022109500805153007 0.055973333333333354
