1 0.9101511437908498 0.6681081081081082 0.17170751633986917 0.6583783783783784
1 0.8767075163398692 0.6928783783783784 0.16374183006535944 0.6088378378378378
1 0.5186356209150327 0.6800540540540541 0.07709150326797387 0.6124864864864865
1 0.4346527777777778 0.6674324324324324 0.09046568627450982 0.6597297297297298
1 0.5646119281045752 0.6761081081081081 0.07915849673202613 0.5236216216216216
1 0.45746323529411764 0.4941216216216216 0.022017973856209096 0.20354054054054055
1 0.43854166666666666 0.5062432432432433 0.015678104575163443 0.1901621621621622
1 0.45741421568627455 0.46925675675675677 0.019191176470588243 0.16575675675675672
1 0.49359477124183004 0.47197297297297297 0.016977124183006516 0.15529729729729733
3 0.2795996732026144 0.4606216216216217 0.045718954248366 0.15783783783783786
3 0.4329207516339869 0.4437027027027028 0.02603758169934641 0.11135135135135141
8 0.10584150326797387 0.6225675675675676 0.21168300653594774 0.7440540540540541
8 0.22340686274509808 0.47144594594594597 0.05856209150326798 0.15235135135135136
8 0.3760008169934641 0.4490405405405405 0.02105392156862748 0.1385675675675676
8 0.7734027777777778 0.35082432432432437 0.05022058823529414 0.042081081081081106
8 0.6866789215686274 0.3499864864864865 0.009076797385620833 0.047270270270270295
