2 0.5933856682769726 0.48221333333333327 0.029235104669887234 0.0850133333333334
0 0.53993961352657 0.4960666666666666 0.031779388083735934 0.07325333333333332
2 0.48656602254428344 0.4791733333333333 0.07662640901771334 0.19813333333333336
0 0.0818719806763285 0.6176266666666667 0.163743961352657 0.21242666666666665
0 0.3882648953301127 0.6233333333333333 0.1540660225442834 0.27546666666666664
0 0.32714975845410627 0.5411866666666666 0.0640257648953301 0.10770666666666663
0 0.4031682769726248 0.5169866666666667 0.035499194847020916 0.06922666666666669
6 0.5066988727858293 0.46312000000000003 0.054653784219001605 0.08426666666666664
8 0.22992753623188406 0.5275066666666667 0.10805152979066024 0.106
8 0.813707729468599 0.44470666666666664 0.3693639291465378 0.061146666666666606
8 0.4025764895330113 0.46196000000000004 0.018985507246376845 0.030106666666666643
