2 0.6022987117552334 0.47248 0.017318840579710136 0.05488000000000003
2 0.5586755233494364 0.4658 0.02880032206119161 0.10434666666666666
0 0.5800281803542673 0.49903999999999993 0.032423510466988714 0.08074666666666666
0 0.06746376811594203 0.6213733333333332 0.13492753623188405 0.2266933333333333
0 0.2904750402576489 0.5476133333333334 0.0785185185185185 0.11906666666666668
2 0.3882125603864734 0.5060666666666667 0.04326892109500801 0.09799999999999999
2 0.4354307568438004 0.49429333333333336 0.028671497584541072 0.08565333333333326
6 0.5086835748792271 0.4616933333333333 0.054613526570048344 0.08493333333333332
8 0.20205716586151368 0.5508000000000001 0.0939855072463768 0.07322666666666669
8 0.8139694041867955 0.4343866666666666 0.36884057971014494 0.0646133333333333
