0 0.4913687600644122 0.5084666666666667 0.0249597423510467 0.08167999999999999
1 0.054484702093397744 0.5998266666666666 0.016908212560386472 0.1616266666666667
3 0.12540660225442835 0.5816266666666667 0.052359098228663456 0.15888000000000002
8 0.28330917874396133 0.4973333333333333 0.05231884057971016 0.02149333333333334
8 0.6572665056360709 0.48784 0.010652173913043492 0.06805333333333329
8 0.459609500805153 0.47835999999999995 0.018462157809983858 0.055973333333333354
8 0.44059983896940413 0.4809333333333333 0.013776167471819657 0.03354666666666662
8 0.19190016103059582 0.5326933333333332 0.01012882447665055 0.04735999999999997
8 0.08226650563607085 0.5258 0.023148148148148147 0.030106666666666643
8 0.030962157809983896 0.5438933333333332 0.019508856682769728 0.028373333333333372
