0 0.6957598039215687 0.43800000000000006 0.06905228758169933 0.07708108108108104
0 0.4561805555555556 0.47206756756756757 0.021544117647058828 0.05591891891891892
3 0.48737336601307196 0.4707027027027027 0.017851307189542504 0.05729729729729727
1 0.50359477124183 0.46621621621621623 0.006111111111111126 0.05810810810810811
1 0.3903635620915033 0.4844054054054054 0.008668300653594783 0.06335135135135135
8 0.3523039215686275 0.49643243243243246 0.019493464052287548 0.08172972972972976
8 0.08668300653594771 0.5248648648648648 0.042418300653594775 0.06275675675675675
8 0.6465808823529412 0.440445945945946 0.018455882352941204 0.059324324324324294
8 0.5163684640522875 0.4455945945945946 0.014289215686274517 0.024864864864864836
8 0.42600081699346404 0.46713513513513516 0.02938725490196076 0.05416216216216222
8 0.5801756535947713 0.44732432432432434 0.00959967320261438 0.05243243243243245
8 0.5640236928104575 0.43956756756756754 0.005433006535947787 0.04037837837837845
