0 0.16940418679549116 0.6139600000000001 0.14117552334943637 0.20637333333333335
6 0.5757004830917875 0.45483999999999997 0.03199677938808374 0.09458666666666667
0 0.2740297906602255 0.5542266666666666 0.07944444444444446 0.16413333333333335
0 0.31762479871175525 0.55128 0.054653784219001605 0.10767999999999998
0 0.34621175523349434 0.5310266666666666 0.05216586151368757 0.10989333333333336
0 0.3898349436392915 0.51952 0.0349194847020934 0.07306666666666668
0 0.4056038647342995 0.5150933333333333 0.029533011272141713 0.06298666666666668
8 0.4408615136876006 0.4930266666666666 0.023671497584541044 0.05426666666666665
8 0.5361755233494364 0.46196000000000004 0.038260869565217466 0.030106666666666643
8 0.6171658615136876 0.4680133333333333 0.009613526570048353 0.05943999999999998
8 0.6622141706924316 0.4757733333333334 0.01117552334943639 0.07495999999999996
