0 0.48569645732689204 0.50768 0.021859903381642495 0.07157333333333334
0 0.3487882447665056 0.6328666666666666 0.12593397745571655 0.3150133333333333
0 0.11378019323671497 0.6122 0.11947665056360707 0.18530666666666662
3 0.5751247987117553 0.52764 0.052713365539452425 0.1917066666666667
1 0.5618075684380032 0.5392933333333334 0.0135507246376811 0.1596
1 0.5434702093397745 0.5303866666666666 0.013027375201288296 0.13720000000000004
1 0.3163204508856683 0.5499066666666665 0.009355877616747185 0.16376
8 0.227061191626409 0.5421999999999999 0.035652173913043456 0.1042933333333333
8 0.19633252818035427 0.5076933333333333 0.024194847020933986 0.04562666666666663
8 0.4299194847020934 0.49130666666666667 0.02054750402576488 0.03701333333333332
