0 0.16183977455716586 0.6087333333333332 0.1789452495974235 0.2099999999999999
0 0.2197383252818035 0.57524 0.15564412238325281 0.1785333333333333
0 0.32731078904991945 0.5270266666666666 0.094573268921095 0.13138666666666668
0 0.3967512077294686 0.50648 0.04807568438003219 0.06384
3 0.6424919484702093 0.5011866666666667 0.01596618357487926 0.09799999999999999
3 0.6264774557165862 0.50168 0.01367954911433173 0.08432
8 0.4650805152979066 0.46973333333333334 0.018985507246376754 0.028373333333333296
8 0.49502415458937193 0.48526666666666673 0.02054750402576497 0.04909333333333332
8 0.9522826086956523 0.4352266666666666 0.028880837359098323 0.038720000000000025
8 0.7567431561996779 0.4533333333333333 0.13356682769726255 0.05770666666666663
