0 0.07709339774557165 0.6207733333333333 0.1541867954911433 0.22191999999999992
0 0.5333856682769725 0.5172666666666667 0.029927536231884024 0.08712000000000004
0 0.49855877616747185 0.49864 0.03156199677938803 0.0826133333333333
0 0.5445128824476652 0.4948666666666666 0.023679549114331698 0.07309333333333332
0 0.7898429951690822 0.46005333333333326 0.07962157809983905 0.08975999999999999
0 0.7580595813204509 0.4608 0.06927536231884054 0.08570666666666671
8 0.16586151368760063 0.5301066666666666 0.02159420289855072 0.0525333333333333
8 0.26768518518518514 0.512 0.17419484702093396 0.08186666666666663
8 0.9168236714975847 0.42229333333333335 0.16311594202898544 0.10256000000000001
8 0.5984138486312399 0.46196000000000004 0.018985507246376754 0.0404533333333333
8 0.4471135265700483 0.47059999999999996 0.04867149758454101 0.06114666666666668
