1 0.5189943457189015 0.6526470588235295 0.044159935379644646 0.43251336898395726
1 0.567677705977383 0.6376871657754011 0.05142972536348947 0.44211229946524067
1 0.18602988691437805 0.6681417112299465 0.0551938610662359 0.4651069518716578
3 0.07904684975767368 0.6827272727272727 0.15809369951534735 0.6291978609625668
3 0.307859450726979 0.6755213903743315 0.0962520193861066 0.44350267379679137
3 0.3526009693053312 0.584090909090909 0.046138933764135706 0.28711229946524064
1 0.5981825525040387 0.5233422459893048 0.021809369951534735 0.18278074866310157
1 0.6175040387722133 0.5405614973262032 0.016962843295638127 0.19598930481283416
0 0.4051736672051697 0.5044786096256685 0.035161550888529916 0.10516042780748666
8 0.03188610662358643 0.7837299465240641 0.06377221324717286 0.4218449197860963
8 0.4421647819063005 0.4981818181818181 0.027318255250403826 0.0818181818181818
8 0.23200726978998387 0.5309625668449197 0.015339256865912771 0.07491978609625671
