2 0.028099838969404184 0.6118266666666666 0.05619967793880837 0.2500533333333333
0 0.7077576489533012 0.5542666666666667 0.08480676328502419 0.1855466666666666
0 0.7896819645732689 0.5524933333333333 0.10504830917874398 0.16354666666666662
2 0.08423510466988728 0.5532533333333333 0.12726247987117553 0.14533333333333334
0 0.04635668276972625 0.58424 0.0927133655394525 0.15877333333333338
2 0.14707729468599032 0.5133599999999999 0.11528180354267312 0.15221333333333337
2 0.18210950080515298 0.5104 0.10006441223832528 0.13274666666666665
5 0.4381924315619967 0.47789333333333334 0.04923510466988726 0.09082666666666667
8 0.2546658615136876 0.5171733333333333 0.040861513687600645 0.10255999999999994
8 0.34268921095008054 0.4904266666666666 0.10648953301127213 0.06287999999999995
8 0.5234138486312399 0.47405333333333327 0.10231884057971018 0.057706666666666705
8 0.5989331723027376 0.46714666666666665 0.021070853462157868 0.0335466666666667
8 0.6458132045088567 0.46713333333333334 0.02940418679549113 0.0404533333333333
8 0.9812077294685991 0.443 0.02940418679549113 0.050800000000000026
8 0.6976288244766506 0.4404133333333333 0.06221417069243155 0.024933333333333394
