0 0.8029549114331723 0.7502533333333333 0.27378421900161026 0.49416
0 0.34544685990338164 0.5963466666666666 0.09308373590982287 0.1971733333333334
0 0.38568840579710145 0.5664399999999999 0.06374396135265702 0.1510133333333333
0 0.5776449275362319 0.5169199999999999 0.0352898550724638 0.10071999999999995
0 0.4106642512077295 0.5519733333333333 0.04814009661835755 0.10682666666666667
0 0.4276932367149759 0.5398000000000001 0.04131239935587762 0.09463999999999995
0 0.10394122383252818 0.5790933333333333 0.1427294685990338 0.14154666666666663
8 0.252584541062802 0.5163066666666667 0.06273752012882448 0.08013333333333328
8 0.49632447665056356 0.4930266666666666 0.05335748792270539 0.05426666666666665
8 0.5343558776167472 0.4800933333333333 0.006489533011272189 0.03528000000000005
