0 0.12880837359098227 0.7474533333333333 0.25761674718196453 0.49976
0 0.8819484702093399 0.7876000000000001 0.23449275362318842 0.4194666666666667
0 0.2442793880837359 0.69004 0.22458132045088566 0.45165333333333324
0 0.7276368760064412 0.7609733333333333 0.25268115942028996 0.47272000000000003
0 0.3807890499194847 0.5446799999999999 0.06958132045088564 0.18216
0 0.5751570048309179 0.5387733333333333 0.05765700483091789 0.13445333333333329
0 0.41735909822866346 0.5209333333333334 0.04962962962962957 0.11909333333333331
0 0.5371819645732689 0.49484 0.024782608695652242 0.07271999999999995
2 0.5290056360708535 0.46477333333333337 0.02355072463768116 0.08890666666666668
8 0.4671618357487923 0.4688666666666666 0.028365539452495987 0.061146666666666606
8 0.5113607085346216 0.4653733333333333 0.017648953301127274 0.05288000000000003
