2 0.5813808373590983 0.4874266666666666 0.03936392914653783 0.10578666666666671
0 0.5113888888888889 0.5065999999999999 0.04454911433172297 0.09202666666666665
2 0.40104267310789055 0.49696 0.13501610305958137 0.29711999999999994
0 0.18552737520128826 0.57656 0.13978260869565218 0.1570666666666667
0 0.059830917874396136 0.7893999999999999 0.11966183574879227 0.4158666666666666
0 0.37023349436392916 0.5294 0.04768115942028983 0.08914666666666668
6 0.5069927536231884 0.46243999999999996 0.05454911433172303 0.08450666666666666
8 0.055587761674718204 0.8863866666666665 0.11117552334943641 0.21655999999999995
8 0.2708091787439614 0.5119866666666667 0.027318840579710152 0.08530666666666668
8 0.5481561996779387 0.4740533333333333 0.021594202898550765 0.03701333333333332
8 0.6083091787439613 0.4714666666666667 0.011690821256038632 0.06634666666666665
8 0.8144887278582931 0.44643999999999995 0.3678019323671497 0.06114666666666668
