4 0.48203301127214165 0.4599333333333333 0.057818035426731126 0.23197333333333334
0 0.03336553945249597 0.5700266666666666 0.06673107890499194 0.11920000000000004
0 0.10584541062801933 0.5548 0.06706924315619969 0.08773333333333334
0 0.15056763285024155 0.5388666666666666 0.0573510466988728 0.0771466666666666
0 0.19237117552334945 0.5316533333333333 0.04401771336553944 0.07296000000000004
0 0.22039452495974238 0.52884 0.03892109500805151 0.05570666666666663
8 0.40778985507246374 0.4593866666666666 0.021070853462157778 0.06288000000000003
8 0.25205716586151367 0.52752 0.021070853462157778 0.06805333333333335
8 0.5351328502415459 0.4610933333333333 0.0320048309178744 0.0732266666666666
8 0.6208091787439614 0.4636933333333333 0.02419484702093403 0.05426666666666665
