0 0.8435386473429951 0.7118266666666666 0.3113123993558776 0.4547999999999999
0 0.0856803542673108 0.6640933333333332 0.1713607085346216 0.35895999999999995
0 0.7510628019323671 0.6546666666666666 0.24096618357487928 0.31989333333333336
0 0.09970209339774556 0.60652 0.19940418679549113 0.2826933333333333
0 0.13436795491143316 0.5830266666666666 0.2111191626409018 0.26018666666666673
0 0.19920289855072462 0.54684 0.15045088566827697 0.24013333333333337
0 0.2300040257648953 0.5291066666666667 0.11198872785829306 0.16189333333333336
0 0.3857608695652174 0.5094933333333334 0.03292270531400965 0.0717866666666667
8 0.3611714975845411 0.49129333333333336 0.015338164251207738 0.043919999999999994
8 0.32159017713365534 0.4887066666666666 0.015338164251207738 0.038746666666666665
8 0.2958132045088567 0.52752 0.015861513687600633 0.08186666666666663
