1 0.41899355877616745 0.5527466666666666 0.018888888888888872 0.17957333333333325
1 0.3998550724637681 0.5464266666666666 0.019404186795491163 0.19055999999999995
1 0.8111876006441223 0.5740133333333333 0.0464814814814814 0.2974666666666666
1 0.5327133655394525 0.5066533333333333 0.014669887278582953 0.13816
1 0.5515982286634461 0.5079333333333333 0.01485507246376806 0.14013333333333336
8 0.36742351046698873 0.5059733333333334 0.02159420289855072 0.14224
8 0.4835668276972624 0.4818133333333333 0.0038808373590982687 0.038720000000000025
8 0.5155998389694042 0.47492000000000006 0.013776167471819565 0.038746666666666665
8 0.6088244766505636 0.48353333333333326 0.011690821256038632 0.09394666666666664
8 0.5801811594202899 0.49389333333333324 0.02419484702093403 0.10773333333333335
