0 0.3144484702093398 0.6385733333333334 0.13343800322061192 0.25672
0 0.16774959742351048 0.66988 0.17087761674718194 0.27512000000000003
0 0.530378421900161 0.5221733333333333 0.033623188405797096 0.09335999999999997
0 0.377854267310789 0.57288 0.062375201288244746 0.1418666666666667
0 0.6586553945249597 0.4921066666666667 0.11 0.11104000000000004
0 0.6419283413848632 0.47530666666666666 0.09247181964573271 0.12789333333333336
2 0.8377254428341384 0.42444000000000004 0.09809178743961347 0.11389333333333335
8 0.4588285024154589 0.50768 0.09815619967793883 0.08703999999999996
8 0.5728945249597425 0.4869866666666667 0.04398550724637681 0.08357333333333333
8 0.7517995169082125 0.43867999999999996 0.06533816425120771 0.09048000000000002
