0 0.5439412238325282 0.4998 0.032407407407407406 0.06477333333333331
2 0.5933937198067633 0.46935999999999994 0.028752012882447695 0.09141333333333333
0 0.36594202898550726 0.5738266666666667 0.12120772946859901 0.17170666666666662
2 0.3295008051529791 0.5091466666666666 0.07896940418679547 0.15717333333333333
0 0.17170289855072463 0.5894133333333333 0.10934782608695655 0.1590933333333334
4 0.4333816425120773 0.46132 0.05175523349436391 0.15528000000000006
0 0.5655233494363929 0.48506666666666665 0.019516908212560392 0.05237333333333329
8 0.2598671497584541 0.5145733333333333 0.04710950080515297 0.08013333333333336
8 0.8168317230273752 0.43869333333333327 0.3631159420289855 0.07669333333333331
8 0.5036272141706924 0.4688666666666666 0.01482286634460554 0.030106666666666643
