0 0.859309640522876 0.4506486486486487 0.13711601307189547 0.14324324324324325
0 0.4332107843137255 0.5122837837837838 0.034526143790849666 0.08581081081081082
3 0.555857843137255 0.4873918918918919 0.026535947712418316 0.08359459459459462
3 0.5070915032679739 0.48974324324324325 0.025081699346405174 0.08300000000000003
3 0.3125367647058824 0.5300810810810811 0.02339052287581699 0.10086486486486486
1 0.37020424836601307 0.5168513513513514 0.012549019607843149 0.09240540540540548
8 0.45803513071895424 0.4929864864864865 0.013243464052287612 0.09894594594594598
8 0.7309558823529413 0.4473378378378378 0.10803921568627443 0.09035135135135129
8 0.9818872549019607 0.3930405405405406 0.03289215686274509 0.07137837837837838
8 0.2911111111111111 0.5239864864864865 0.01063725490196077 0.08516216216216214
