0 0.2529227053140097 0.4987333333333333 0.08190016103059583 0.10082666666666668
1 0.564255233494364 0.47497333333333336 0.01037842190016102 0.08216
0 0.5329549114331723 0.46513333333333334 0.035539452495974226 0.09320000000000005
0 0.5592673107890499 0.4715333333333333 0.037697262479871124 0.07101333333333332
0 0.5944847020933977 0.4698666666666666 0.04599033816425121 0.0627733333333333
2 0.7058333333333333 0.46005333333333337 0.049444444444444416 0.08485333333333331
0 0.7281843800322061 0.46377333333333337 0.03802737520128826 0.058426666666666655
0 0.7627455716586151 0.4616533333333333 0.0427053140096619 0.06309333333333332
8 0.8926127214170693 0.45248 0.21155394524959742 0.08703999999999996
8 0.6541384863123993 0.43607999999999997 0.018985507246376845 0.03354666666666662
8 0.4814855072463768 0.42057333333333335 0.06326086956521734 0.03010666666666672
