0 0.12345179738562091 0.7678513513513514 0.24690359477124182 0.4588918918918919
1 0.7994607843137255 0.6030405405405406 0.06521241830065364 0.4185135135135136
1 0.8224918300653595 0.6062297297297298 0.07099673202614387 0.46705405405405404
3 0.824546568627451 0.49266216216216224 0.030187908496732065 0.1875945945945946
1 0.33941176470588236 0.5992567567567568 0.040310457516339895 0.29451351351351346
1 0.3082107843137255 0.609945945945946 0.038300653594771236 0.29243243243243233
0 0.3789910130718954 0.4952297297297298 0.02819444444444444 0.06694594594594598
0 0.556548202614379 0.4877027027027027 0.03732843137254897 0.07324324324324323
8 0.5226184640522875 0.4654324324324325 0.02157679738562089 0.04037837837837838
8 0.4249673202614379 0.47835135135135143 0.01689542483660131 0.03864864864864861
8 0.2468423202614379 0.5369324324324325 0.018978758169934655 0.0868918918918919
8 0.7306903594771242 0.4697162162162163 0.021053921568627437 0.11445945945945946
8 0.6135049019607843 0.46025675675675676 0.00751633986928099 0.07483783783783783
