0 0.5459339774557166 0.51424 0.061803542673107885 0.15066666666666667
0 0.28549114331723024 0.54912 0.06774557165861513 0.11626666666666664
0 0.3955756843800322 0.5194666666666666 0.04118357487922703 0.07072000000000002
6 0.5074074074074074 0.4603066666666667 0.0535748792270532 0.08493333333333332
8 0.025897745571658616 0.87 0.05179549114331723 0.24933333333333332
8 0.4405998389694042 0.49646666666666667 0.02419484702093394 0.05426666666666665
8 0.5929428341384863 0.47575999999999996 0.018462157809983858 0.04735999999999997
8 0.8191747181964573 0.4421466666666667 0.3584299516908212 0.05943999999999998
8 0.23695249597423507 0.53012 0.030442834138486315 0.038746666666666665
8 0.16221417069243155 0.5508133333333334 0.0747181964573269 0.055973333333333354
8 0.4338325281803542 0.4602533333333334 0.07940418679549115 0.043919999999999994
