0 0.18958534621578096 0.65744 0.17330917874396132 0.3126933333333334
0 0.8261392914653785 0.7449333333333333 0.3461111111111111 0.5048
0 0.281219806763285 0.5976933333333333 0.11187600644122382 0.21474666666666659
0 0.6668961352657006 0.62224 0.1355314009661836 0.28837333333333337
0 0.4055716586151369 0.5037466666666667 0.04465378421900164 0.06301333333333332
1 0.5464412238325281 0.49632 0.01288244766505636 0.08464000000000002
4 0.542000805152979 0.45571999999999996 0.06137681159420291 0.1047733333333333
8 0.34737117552334945 0.4921466666666667 0.021070853462157778 0.045626666666666704
8 0.48826086956521736 0.4826533333333333 0.038260869565217376 0.06114666666666668
8 0.5861755233494363 0.4886933333333333 0.01117552334943639 0.08357333333333333
