1 0.5609460547504025 0.5012933333333334 0.006690821256038695 0.06775999999999999
2 0.12504428341384863 0.5181066666666667 0.08883252818035427 0.12074666666666667
5 0.18338164251207728 0.5183866666666666 0.034315619967793885 0.07805333333333336
0 0.24125201288244766 0.5306933333333332 0.05488727858293077 0.09450666666666666
0 0.20555152979066024 0.5329466666666667 0.06683574879227054 0.0884533333333333
0 0.3217351046698873 0.5046933333333333 0.036336553945249636 0.0673066666666667
0 0.29686392914653786 0.5043599999999999 0.0361755233494364 0.06653333333333337
0 0.3751288244766505 0.4928 0.022383252818035437 0.04479999999999995
8 0.5353945249597424 0.4800933333333333 0.009613526570048261 0.059440000000000055
8 0.6588285024154589 0.5258 0.048156199677938764 0.043919999999999994
8 0.5952938808373591 0.4809466666666667 0.014822866344605449 0.05079999999999995
8 0.4838325281803543 0.47232 0.01586151368760059 0.01632000000000001
8 0.4497101449275362 0.47578666666666664 0.010128824476650597 0.026666666666666665
8 0.6320088566827696 0.4921466666666667 0.03305152979066028 0.024933333333333318
