0 0.26807971014492754 0.5873066666666666 0.12814009661835746 0.1648533333333333
0 0.4319363929146538 0.5258666666666666 0.06479066022544286 0.10837333333333336
0 0.06900966183574879 0.5859333333333333 0.13801932367149758 0.20589333333333326
2 0.34801127214170696 0.5095066666666667 0.06190016103059581 0.11165333333333334
0 0.43102254428341386 0.5065866666666666 0.024975845410628004 0.06384
0 0.4991062801932368 0.50124 0.03937198067632849 0.07671999999999995
0 0.5613405797101448 0.48078666666666664 0.018913043478260786 0.047173333333333324
8 0.5327898550724637 0.4714666666666667 0.013776167471819657 0.028373333333333372
8 0.5877334943639291 0.4499066666666667 0.04242351046698868 0.08530666666666668
8 0.8189170692431562 0.43091999999999997 0.35894524959742347 0.06114666666666668
8 0.16690016103059582 0.5473733333333333 0.040338164251207724 0.05943999999999998
