1 0.5300081699346405 0.4697972972972973 0.0196078431372549 0.1545135135135135
1 0.21699754901960785 0.5385675675675675 0.03540032679738561 0.32389189189189194
1 0.5004901960784313 0.47117567567567564 0.02504901960784311 0.19008108108108113
1 0.81265522875817 0.6538513513513514 0.292826797385621 0.6868918918918919
1 0.707062908496732 0.7296756756756758 0.17522058823529404 0.5352432432432432
1 0.7359395424836601 0.669918918918919 0.16387254901960788 0.6547567567567568
1 0.8109558823529411 0.754972972972973 0.1490032679738562 0.48464864864864865
1 0.8493545751633989 0.6959864864864865 0.16916666666666672 0.6026216216216217
1 0.9330024509803921 0.7175270270270271 0.1323611111111111 0.5595405405405406
1 0.43945669934640524 0.7199864864864864 0.07543300653594766 0.5546216216216217
1 0.48936274509803923 0.6113513513513513 0.05037581699346403 0.45032432432432434
1 0.5862908496732027 0.6210945945945946 0.04656862745098039 0.40981081081081083
1 0.6278022875816993 0.5944459459459459 0.04820261437908497 0.43835135135135145
1 0.6888521241830066 0.5717702702702703 0.06999183006535944 0.41121621621621623
2 0.10914624183006537 0.49864864864864866 0.21829248366013074 0.9972972972972973
8 0.2728799019607843 0.46195945945945954 0.060645424836601326 0.15408108108108115
8 0.3606454248366013 0.4447297297297298 0.012205882352941176 0.10583783783783783
8 0.4069934640522876 0.40598648648648644 0.01637254901960786 0.045540540540540526
8 0.44996732026143793 0.41200000000000003 0.015849673202614455 0.036918918918918915
8 0.9806781045751634 0.3499864864864865 0.020016339869281047 0.0438108108108108
