0 0.0850402576489533 0.7320933333333333 0.1700805152979066 0.53048
0 0.845 0.6849333333333334 0.30838969404186795 0.6248
0 0.45926731078904987 0.5781466666666667 0.11294685990338162 0.22994666666666672
0 0.7251489533011272 0.6684666666666667 0.1477214170692432 0.3792266666666666
0 0.6974235104669888 0.5754533333333333 0.09755233494363927 0.25282666666666664
0 0.9544847020933978 0.46673333333333333 0.08942028985507242 0.18887999999999996
2 0.8984178743961353 0.45721333333333325 0.12913848631239924 0.20941333333333334
2 0.8096417069243157 0.47635999999999995 0.10999194847020945 0.18482666666666667
0 0.5109621578099839 0.5063599999999999 0.04886473429951695 0.10679999999999995
0 0.6431723027375201 0.4902133333333333 0.03457326892109496 0.09418666666666672
0 0.5422866344605475 0.48457333333333324 0.033687600644122406 0.07975999999999998
4 0.6167995169082126 0.42967999999999995 0.036320450885668286 0.11605333333333329
8 0.5590942028985507 0.45592 0.036175523349436446 0.0732266666666666
8 0.349975845410628 0.49646666666666667 0.10231884057971014 0.061146666666666606
8 0.19086151368760065 0.5180266666666666 0.043462157809983915 0.06288000000000003
8 0.2731521739130435 0.49906666666666666 0.033051529790660186 0.028373333333333296
