0 0.7977124183006536 0.45575675675675675 0.11049019607843139 0.11816216216216216
0 0.4397875816993464 0.509972972972973 0.030196078431372488 0.07605405405405402
3 0.5331209150326798 0.49616216216216213 0.023709150326797372 0.07497297297297292
3 0.48763480392156866 0.49377027027027026 0.022736928104575106 0.07570270270270268
1 0.4692238562091503 0.5007027027027027 0.01138888888888884 0.07578378378378377
1 0.37409313725490195 0.5149729729729731 0.011715686274509784 0.08302702702702702
8 0.31741013071895424 0.5291621621621623 0.031993464052287555 0.09551351351351353
8 0.6981372549019608 0.4533648648648649 0.07366013071895422 0.07483783783783783
8 0.9257393790849674 0.3947702702702703 0.06324346405228747 0.04381081081081076
8 0.5973611111111112 0.47059459459459463 0.00751633986928099 0.06448648648648653
8 0.5684558823529412 0.4695270270270271 0.014297385620915034 0.044513513513513514
