3 0.6582487922705313 0.51812 0.02717391304347826 0.1854666666666666
1 0.6761916264090176 0.5101733333333333 0.017439613526570023 0.13981333333333335
1 0.693341384863124 0.5086666666666666 0.015297906602254429 0.14016
5 0.6904468599033816 0.5357866666666667 0.017914653784219 0.08106666666666668
3 0.6002133655394525 0.4997333333333333 0.010072463768115934 0.09050666666666665
8 0.8509460547504025 0.4818133333333333 0.29488727858293073 0.11808
8 0.9801127214170692 0.6870933333333333 0.0365539452495975 0.5389866666666667
8 0.6270611916264089 0.4645599999999999 0.026280193236714964 0.028373333333333372
8 0.5642954911433172 0.46888 0.05179549114331717 0.026666666666666665
8 0.5002415458937197 0.4792266666666666 0.021594202898550765 0.0335466666666667
8 0.3950322061191626 0.48009333333333337 0.01117552334943639 0.024933333333333318
