0 0.7080882352941177 0.4372837837837838 0.07385620915032678 0.08191891891891893
0 0.4540196078431373 0.47697297297297303 0.022630718954248404 0.05848648648648653
3 0.49369281045751634 0.4757027027027027 0.01859477124183006 0.059675675675675714
1 0.5014624183006536 0.47208108108108116 0.008643790849673236 0.06048648648648655
1 0.3877859477124183 0.48959459459459453 0.007843137254901933 0.06594594594594597
8 0.348921568627451 0.5067702702702703 0.01584967320261436 0.07137837837837838
8 0.4262663398692811 0.47835135135135143 0.028872549019607823 0.055891891891891914
8 0.05725490196078432 0.5352027027027026 0.048137254901960795 0.045540540540540526
8 0.5168954248366013 0.44732432432432434 0.012205882352941129 0.024864864864864913
8 0.6515318627450981 0.44474324324324327 0.03147875816993462 0.043810810810810834
