1 0.06401368760064412 0.51068 0.015418679549114325 0.10733333333333334
1 0.08982286634460547 0.5027466666666667 0.017439613526570044 0.10064000000000002
1 0.18463768115942028 0.5066266666666667 0.02056360708534621 0.11949333333333326
1 0.4840338164251207 0.49012 0.009484702093397723 0.08904000000000004
0 0.4568558776167472 0.47297333333333336 0.038285024154589425 0.1006133333333333
0 0.4853180354267311 0.48375999999999997 0.04004025764895332 0.07616
0 0.5247624798711756 0.47837333333333326 0.04841384863123993 0.06693333333333332
2 0.6374194847020933 0.46835999999999994 0.04987922705314004 0.08797333333333335
0 0.656574074074074 0.47335999999999995 0.03776972624798709 0.059946666666666634
0 0.6912117552334943 0.4677733333333334 0.042117552334943596 0.06408
8 0.022254428341384865 0.5266666666666666 0.04450885668276973 0.13189333333333328
8 0.5794041867954911 0.4404133333333333 0.02054750402576488 0.024933333333333394
8 0.8257568438003222 0.46197333333333335 0.22367149758454102 0.07840000000000001
8 0.45390901771336556 0.42790666666666666 0.16274557165861517 0.03901333333333332
8 0.9600523349436393 0.45426666666666665 0.042809983896940476 0.064
