0 0.019033816425120774 0.6861333333333334 0.03806763285024155 0.3493866666666667
0 0.19402576489533013 0.6032 0.12634460547504026 0.18938666666666662
6 0.5764291465378422 0.45519999999999994 0.0316666666666667 0.09424
0 0.2869927536231884 0.5498933333333332 0.07387278582930756 0.15504000000000004
0 0.32587761674718196 0.5485066666666666 0.050660225442834154 0.10287999999999996
0 0.35330917874396134 0.52972 0.0495813204508857 0.10557333333333334
0 0.39338566827697263 0.5212 0.033743961352657025 0.07114666666666661
0 0.40925925925925927 0.5141333333333333 0.028615136876006503 0.06133333333333333
8 0.010535426731078906 0.6974266666666665 0.021070853462157813 0.28712000000000004
8 0.533828502415459 0.46628000000000003 0.007528180354267329 0.024933333333333318
8 0.6609178743961353 0.48008 0.009613526570048353 0.07669333333333331
8 0.6155998389694042 0.46457333333333334 0.007528180354267329 0.059440000000000055
8 0.4426811594202898 0.49130666666666667 0.022109500805152917 0.04735999999999997
