0 0.9311356209150328 0.4529189189189189 0.13609477124183 0.1795135135135135
0 0.4255923202614379 0.5171486486486486 0.04015522875816992 0.09813513513513515
3 0.5837050653594771 0.47913513513513517 0.030302287581699373 0.0941081081081081
3 0.5329616013071896 0.49168918918918925 0.02799836601307188 0.09208108108108115
3 0.2995424836601307 0.5301081081081082 0.02960784313725491 0.10972972972972972
0 0.7817606209150327 0.4317297297297298 0.06407679738562097 0.06610810810810813
8 0.37678513071895425 0.5007432432432433 0.034076797385620944 0.11099999999999999
8 0.4689787581699346 0.4861081081081082 0.0205392156862745 0.08172972972972968
8 0.5049142156862745 0.4602567567567568 0.014289215686274517 0.043810810810810834
8 0.6153267973856209 0.46455405405405403 0.015326797385620908 0.07310810810810807
8 0.7184517973856209 0.45681081081081076 0.05074346405228759 0.067945945945946
