1 0.36126006441223835 0.5855333333333332 0.025064412238325277 0.20984000000000005
1 0.16193236714975845 0.7169733333333334 0.07574879227053138 0.56072
1 0.2966666666666667 0.6491333333333332 0.04309178743961356 0.3832266666666666
1 0.2563526570048309 0.6356133333333334 0.02938808373590982 0.35997333333333337
1 0.6181360708534622 0.5681333333333334 0.028832528180354224 0.26949333333333325
1 0.6444524959742352 0.56864 0.03212560386473428 0.2553066666666667
1 0.3288083735909823 0.5995333333333333 0.028518518518518485 0.2627466666666666
8 0.397890499194847 0.5189066666666666 0.015861513687600633 0.07151999999999997
8 0.46247584541062803 0.5249466666666667 0.021070853462157868 0.1042933333333333
8 0.4429428341384863 0.4981866666666666 0.0059661835748792925 0.04735999999999997
