1 0.530249183006536 0.4663648648648649 0.014975490196078465 0.15418918918918922
1 0.2666380718954249 0.5273513513513514 0.028047385620915022 0.29924324324324325
1 0.35242238562091505 0.46567567567567575 0.01852124183006537 0.1694594594594595
1 0.6896691176470588 0.6903783783783785 0.14258986928104572 0.6138378378378379
1 0.812434640522876 0.7140000000000001 0.08986928104575173 0.5665945945945946
1 0.8938643790849673 0.6729864864864865 0.09885620915032681 0.6486216216216217
1 0.9588235294117646 0.6739054054054054 0.08071895424836598 0.6467837837837839
2 0.10908905228758171 0.49864864864864866 0.21817810457516343 0.9972972972972973
8 0.30699754901960785 0.4352702702702703 0.03512254901960785 0.14545945945945954
8 0.4017892156862745 0.4516351351351352 0.027826797385620917 0.14029729729729729
8 0.4510049019607843 0.44818918918918915 0.033562091503268006 0.11962162162162168
8 0.790326797385621 0.34051351351351355 0.03199346405228765 0.055891891891891914
