2 0.7616357027463652 0.6602005347593584 0.27139741518578364 0.6172994652406417
6 0.346470113085622 0.44137700534759355 0.15880452342487886 0.15612299465240645
7 0.36774232633279486 0.6302807486631016 0.046987075928917627 0.2495454545454545
7 0.33216478190630055 0.630307486631016 0.04861066235864298 0.2451069518716577
7 0.35250403877221326 0.6171657754010694 0.03801292407108239 0.22042780748663107
7 0.3733683360258482 0.5852139037433155 0.029806138933764166 0.1878609625668449
1 0.23868336025848144 0.594879679144385 0.03796445880452343 0.3334491978609625
1 0.2339660743134087 0.5816978609625668 0.04088852988691438 0.31024064171122995
8 0.434345718901454 0.5025 0.031486268174474974 0.09387700534759362
8 0.5580452342487884 0.49302139037433146 0.053877221324717325 0.10593582887700528
