0 0.569597423510467 0.5557599999999999 0.06101449275362326 0.15434666666666666
0 0.12409822866344605 0.7887066666666666 0.2481964573268921 0.4172533333333333
0 0.8292673107890499 0.5408133333333334 0.22763285024154584 0.21527999999999997
0 0.7686352657004831 0.4975866666666666 0.17247181964573272 0.22519999999999996
5 0.3206723027375201 0.5973733333333333 0.05448470209339776 0.09447999999999994
0 0.35092190016103064 0.5584133333333333 0.05699677938808375 0.134
0 0.24260466988727858 0.6347333333333333 0.11950885668276971 0.22391999999999998
0 0.6910305958132045 0.50284 0.1204830917874396 0.14103999999999997
0 0.3922504025764895 0.5306133333333334 0.03669082125603864 0.0853866666666667
0 0.929231078904992 0.4553066666666667 0.11049114331723028 0.1178666666666667
0 0.887475845410628 0.44903999999999994 0.10469404186795489 0.09536000000000004
2 0.9801972624798712 0.43313333333333337 0.03799516908212565 0.17309333333333332
8 0.43512882447665063 0.51372 0.04763285024154587 0.08530666666666661
8 0.5059661835748792 0.4930133333333333 0.043462157809983915 0.06805333333333329
8 0.5919041867954912 0.46629333333333334 0.052842190016103054 0.06288000000000003
