3 0.9139855072463768 0.6269066666666666 0.1704186795491144 0.6768533333333333
3 0.6449396135265701 0.5134933333333334 0.024066022544283402 0.17264000000000002
1 0.6627576489533011 0.5072 0.01641706924315619 0.1302933333333333
1 0.6790780998389694 0.50576 0.014114331723027354 0.13034666666666664
5 0.6760305958132045 0.53064 0.01631239935587761 0.07546666666666661
3 0.5946296296296296 0.49850666666666665 0.009726247987117586 0.08714666666666668
8 0.7567431561996779 0.47834666666666664 0.13356682769726255 0.07322666666666669
8 0.5747141706924316 0.47490666666666664 0.01950885668276974 0.028373333333333296
8 0.39971819645732687 0.47575999999999996 0.02054750402576488 0.03354666666666662
8 0.49971819645732685 0.47834666666666664 0.021594202898550675 0.028373333333333296
8 0.5788687600644121 0.4570666666666667 0.0855797101449276 0.02512000000000004
