0 0.46912640901771335 0.5909466666666667 0.07865539452495979 0.24808
0 0.48582930756843806 0.5342933333333334 0.05685990338164251 0.19647999999999993
0 0.6267391304347826 0.59516 0.1071175523349436 0.27693333333333336
0 0.5712037037037037 0.5583466666666667 0.06915458937198067 0.17567999999999998
0 0.5413285024154589 0.5275466666666666 0.046103059581320445 0.1309866666666666
0 0.30336553945249595 0.50508 0.04475040257648952 0.06333333333333332
0 0.21760064412238325 0.5224 0.04959742351046698 0.06512000000000004
8 0.03163043478260869 0.50856 0.06326086956521738 0.04735999999999997
8 0.1666425120772947 0.5102800000000001 0.04294685990338162 0.0646133333333333
8 0.3452898550724638 0.4818133333333333 0.02003220611916264 0.038720000000000025
8 0.5585668276972625 0.43522666666666665 0.007004830917874433 0.03183999999999999
