0 0.06758051529790661 0.7884666666666666 0.13516103059581322 0.41773333333333335
0 0.5877173913043477 0.58216 0.07231078904991953 0.16016
0 0.8553502415458938 0.54 0.1535668276972625 0.20464000000000002
0 0.5658212560386473 0.55392 0.04987117552334948 0.12805333333333327
0 0.4040660225442834 0.54084 0.040273752012882476 0.09485333333333332
0 0.7461030595813204 0.5325733333333333 0.11954911433172304 0.12664000000000003
0 0.798220611916264 0.5435066666666667 0.1306119162640902 0.15373333333333328
0 0.5386634460547504 0.5083066666666667 0.02035426731078903 0.06706666666666668
0 0.8811513687600643 0.7916799999999999 0.23608695652173914 0.41130666666666665
8 0.2606561996779388 0.5292533333333334 0.07992753623188405 0.06805333333333329
8 0.43721417069243157 0.5283733333333333 0.024718196457326928 0.07322666666666669
8 0.4861755233494364 0.49906666666666666 0.043462157809983915 0.0525333333333333
