3 0.07502012882447665 0.68228 0.1416988727858293 0.5323466666666667
3 0.16533816425120773 0.6305733333333332 0.09629629629629627 0.3696266666666666
2 0.3956400966183575 0.50076 0.09132850241545894 0.2222133333333333
3 0.5267351046698873 0.5312933333333334 0.03546698872785835 0.14146666666666663
1 0.8119887278582931 0.5427333333333333 0.026908212560386533 0.20456000000000002
1 0.7471376811594203 0.5352266666666666 0.021070853462157778 0.17967999999999998
7 0.6849315619967793 0.5422666666666667 0.03917069243156198 0.12826666666666664
7 0.6757045088566827 0.5438533333333333 0.03976650563607084 0.11330666666666668
0 0.3271779388083736 0.5207866666666667 0.0700402576489533 0.0790133333333334
8 0.25935587761674717 0.5007733333333334 0.026280193236714964 0.1387733333333333
8 0.9413727858293075 0.56548 0.045547504025764844 0.18535999999999997
8 0.5791425120772946 0.46714666666666665 0.004404186795491165 0.03701333333333332
8 0.5606521739130435 0.4757733333333334 0.007004830917874341 0.05426666666666665
