1 0.1488365539452496 0.6004 0.039685990338164244 0.34709333333333336
3 0.6534259259259259 0.54952 0.04065217391304349 0.23925333333333332
1 0.6025120772946859 0.5230133333333333 0.013768115942029004 0.1797866666666667
2 0.4845169082125604 0.47448 0.04243156199677942 0.11018666666666664
8 0.06209742351046699 0.59048 0.12419484702093397 0.19397333333333336
8 0.1791425120772947 0.52064 0.014822866344605471 0.07151999999999997
8 0.30023349436392915 0.52148 0.18096618357487923 0.17672000000000002
8 0.4338325281803542 0.4869733333333333 0.035652173913043546 0.055973333333333354
8 0.6215942028985507 0.53356 0.017423510466988718 0.11464000000000002
8 0.735390499194847 0.5741066666666667 0.09398550724637683 0.26816
