0 0.13166258169934641 0.7644459459459461 0.26332516339869283 0.46570270270270275
1 0.6881290849673203 0.5775405405405406 0.05852941176470587 0.3666486486486486
1 0.4122794117647059 0.6117567567567569 0.05825163398692807 0.38454054054054054
1 0.4130269607843137 0.6143378378378379 0.05343954248366015 0.42808108108108106
3 0.8166584967320261 0.48628378378378384 0.028676470588235314 0.18148648648648652
1 0.09113562091503268 0.606472972972973 0.03405228758169934 0.2695945945945945
1 0.08269607843137255 0.6252702702702703 0.03148692810457516 0.2660540540540541
3 0.47527369281045756 0.5805270270270271 0.09659313725490198 0.3070540540540541
0 0.38132352941176473 0.48702702702702705 0.027222222222222217 0.0653513513513513
8 0.542671568627451 0.44474324324324327 0.03563725490196079 0.043810810810810834
8 0.6215767973856209 0.446472972972973 0.011160130718954223 0.08516216216216214
8 0.9748651960784315 0.4455945945945946 0.04695261437908499 0.1075675675675676
