3 0.19322294022617126 0.7084625668449198 0.16462035541195477 0.5777272727272726
1 0.7042285945072698 0.5539973262032085 0.0405250403877221 0.3447860962566845
1 0.4790306946688207 0.5463636363636364 0.0323586429725364 0.2475401069518716
1 0.3464095315024233 0.5533422459893047 0.02773021001615508 0.24737967914438505
1 0.4267285945072698 0.5337700534759358 0.024264943457188985 0.2225668449197861
1 0.609099353796446 0.5110695187165775 0.02700323101777056 0.24812834224598926
3 0.44163570274636516 0.5238101604278075 0.022011308562197095 0.16767379679144379
1 0.45348142164781907 0.49296791443850263 0.012310177705977391 0.129144385026738
8 0.5395597738287561 0.4637032085561497 0.030444264943457235 0.07836898395721925
8 0.38851373182552507 0.5576604278074866 0.04085621970920839 0.15938502673796795
8 0.40283521809369954 0.44906417112299457 0.008045234248788353 0.02491978609625674
