0 0.4742425463336019 0.5207047872340426 0.02801772763900079 0.08428191489361701
0 0.12441982272360999 0.6554654255319148 0.18319903303787266 0.2682712765957446
0 0.27084206285253826 0.7082845744680851 0.18856567284448025 0.36837765957446805
0 0.27069701853344075 0.5702393617021276 0.08397260273972605 0.14728723404255317
0 0.37244560838033847 0.556875 0.05804190169218375 0.1178989361702128
2 0.4151329572925061 0.49164893617021277 0.03895245769540696 0.1422872340425532
0 0.09837630942788073 0.5955718085106383 0.12584206285253827 0.15885638297872345
0 0.20060838033843675 0.5494148936170212 0.08284448025785657 0.13079787234042548
8 0.3247139403706688 0.49648936170212765 0.012215954875100745 0.0403191489361702
8 0.37107171635777597 0.46896276595744674 0.026800966962127307 0.047180851063829736
8 0.4450282030620467 0.5067952127659574 0.02054794520547945 0.08156914893617018
