1 0.6495840064620355 0.5914839572192513 0.043885298869143816 0.3038235294117646
1 0.22696284329563815 0.6360294117647058 0.034733441033925685 0.264572192513369
1 0.3648101777059774 0.5630481283422459 0.019652665589660733 0.17951871657754015
1 0.3670557350565428 0.5555748663101604 0.015613893376413559 0.14008021390374328
1 0.4549151857835218 0.5300802139037433 0.009959612277867562 0.10802139037433148
2 0.5529644588045234 0.5063636363636363 0.09001615508885295 0.3416577540106952
8 0.4859087237479807 0.5197326203208555 0.03252827140549281 0.08352941176470591
8 0.42757673667205176 0.5378475935828877 0.018982229402261713 0.09558823529411764
8 0.3288772213247173 0.5266310160427806 0.01638126009693056 0.10422459893048125
8 0.9808966074313409 0.713903743315508 0.034975767366720485 0.5614973262032085
