0 0.1411954765751212 0.7640641711229946 0.2823909531502424 0.46652406417112297
1 0.9496890145395801 0.664451871657754 0.09900646203554116 0.6657486631016043
1 0.5551252019386107 0.5335026737967914 0.015080775444265003 0.14529411764705874
1 0.57640549273021 0.5296657754010695 0.01426494345718899 0.15195187165775395
1 0.44642568659127624 0.529879679144385 0.018037156704361908 0.155855614973262
8 0.810912762520194 0.5447326203208557 0.038772213247172956 0.09903743315508019
8 0.6984127625201939 0.4852673796791444 0.015856219709208398 0.07663101604278073
8 0.5945072697899839 0.4835427807486631 0.01429725363489503 0.059385026737967854
8 0.5192447495961229 0.5050802139037432 0.052318255250403865 0.08524064171122993
8 0.3624717285945073 0.5318048128342245 0.011696284329563829 0.06628342245989302
