0 0.10527463651050083 0.7942379679144385 0.21054927302100165 0.40617647058823525
1 0.6231825525040388 0.5972860962566844 0.0444264943457189 0.3007754010695187
1 0.23298465266558968 0.6066310160427807 0.026114701130856253 0.23636363636363628
1 0.3568012924071083 0.5535695187165774 0.017770597738287562 0.1666042780748663
1 0.3468336025848142 0.5511229946524064 0.012924071082390954 0.1414973262032086
1 0.4310137318255251 0.5269251336898395 0.013465266558966042 0.10802139037433156
2 0.5286954765751213 0.5028475935828877 0.08532310177705978 0.32425133689839564
8 0.31038772213247173 0.5214705882352941 0.014814216478190657 0.10422459893048133
8 0.07615912762520194 0.8811363636363635 0.15231825525040388 0.22703208556149737
8 0.39945476575121164 0.529211229946524 0.015856219709208398 0.10248663101604281
8 0.46481825525040393 0.516283422459893 0.03512924071082392 0.08352941176470591
8 0.9725767366720517 0.7061363636363637 0.05161550888529894 0.5770320855614973
