0 0.3182045088566828 0.5468000000000001 0.08165861513687601 0.10453333333333338
0 0.344549114331723 0.51784 0.0669243156199678 0.09567999999999999
0 0.35705314009661837 0.5120933333333333 0.06333333333333335 0.08749333333333334
8 0.4249718196457327 0.5007866666666667 0.06690016103059584 0.09394666666666664
8 0.5062238325281804 0.47490666666666664 0.03252818035426729 0.0525333333333333
8 0.6038808373590983 0.43867999999999996 0.043462157809983915 0.024933333333333318
8 0.6809661835748793 0.4585066666666666 0.02054750402576488 0.12325333333333333
8 0.7197665056360709 0.4179866666666667 0.0658615136876007 0.03528000000000005
8 0.8109098228663447 0.40675999999999995 0.03877616747181962 0.050800000000000026
8 0.9286151368760066 0.3947066666666666 0.10231884057971027 0.043919999999999994
