1 0.5551211631663975 0.5481283422459893 0.02390953150242319 0.22834224598930475
1 0.5831219709208401 0.5352673796791444 0.02569466882067847 0.23652406417112293
1 0.36801696284329566 0.5550401069518716 0.030848142164781905 0.24205882352941174
3 0.4846365105008078 0.5038770053475935 0.019337641357027507 0.13919786096256684
8 0.8749555735056543 0.7727272727272727 0.12810177705977385 0.40850267379679134
8 0.4331744749596123 0.5012032085561496 0.014814216478190657 0.10336898395721923
8 0.4624757673667206 0.49991978609625665 0.01559773828756063 0.10593582887700535
8 0.507237479806139 0.4692513368983957 0.010920840064620341 0.03267379679144392
8 0.2991680129240711 0.5161229946524064 0.015977382875605795 0.12016042780748662
8 0.023033117932148628 0.6085294117647058 0.046066235864297256 0.2352406417112299
8 0.2488004846526656 0.5606818181818182 0.03669628432956382 0.09302139037433152
