0 0.14433172302737518 0.5749733333333333 0.13729468599033814 0.1748533333333333
0 0.5753180354267311 0.5070266666666666 0.03145732689210954 0.08594666666666663
0 0.6639452495974234 0.4744133333333333 0.03774557165861513 0.043333333333333335
1 0.45622785829307566 0.4909066666666666 0.0060950080515297395 0.06608
0 0.7336674718196456 0.46508 0.04192431561996783 0.05021333333333329
2 0.8699476650563607 0.45452 0.04921900161030586 0.060720000000000024
8 0.5148228663446055 0.47274666666666665 0.0734138486312399 0.04650666666666666
8 0.236694847020934 0.49476 0.04528985507246377 0.06461333333333338
8 0.8140418679549114 0.4611066666666667 0.024975845410628004 0.038746666666666665
8 0.6220450885668277 0.48582666666666663 0.017890499194847042 0.05469333333333331
