0 0.8993545751633987 0.4559324324324324 0.15568627450980388 0.16045945945945947
0 0.4294485294117647 0.5142837837837838 0.03716503267973857 0.09159459459459457
3 0.5690645424836602 0.4828783783783784 0.028308823529411747 0.08851351351351353
3 0.5192483660130719 0.4934189189189189 0.02645424836601307 0.08732432432432434
3 0.30508986928104576 0.5317837837837838 0.02576797385620912 0.10540540540540541
1 0.3712785947712418 0.5171486486486486 0.02276960784313726 0.09791891891891898
8 0.7097508169934641 0.4588648648648649 0.04592320261437911 0.05427027027027023
8 0.7703880718954248 0.44779729729729734 0.05994281045751634 0.05640540540540542
8 0.460514705882353 0.4882567567567568 0.016372549019607906 0.06191891891891899
8 0.6112949346405229 0.4650000000000001 0.013243464052287612 0.06708108108108114
8 0.2818790849673203 0.5330270270270271 0.006944444444444445 0.07632432432432436
