0 0.056272141706924315 0.6298666666666666 0.11254428341384863 0.23632
0 0.5303462157809984 0.5193599999999999 0.03149758454106281 0.09173333333333335
0 0.49367149758454104 0.4995733333333333 0.03283413848631238 0.08613333333333337
0 0.5421256038647343 0.49550666666666665 0.024605475040257698 0.07597333333333335
0 0.7986876006441224 0.46281333333333335 0.08331723027375203 0.094
0 0.7638446054750403 0.4603733333333333 0.07205314009661837 0.08911999999999996
8 0.9246135265700482 0.43006666666666665 0.14761674718196452 0.106
8 0.13278985507246377 0.5335599999999999 0.04528985507246377 0.05943999999999998
8 0.20426731078904992 0.51804 0.06169082125603865 0.0646133333333333
8 0.30309983896940423 0.5012266666666667 0.07653784219001611 0.05685333333333331
8 0.5956803542673108 0.4624 0.014822866344605449 0.04133333333333333
8 0.42692834138486313 0.4844 0.030442834138486315 0.03354666666666662
