0 0.08023752012882447 0.6711466666666667 0.16047504025764894 0.3428800000000001
0 0.25173510466988724 0.5768533333333333 0.0937278582930757 0.15141333333333334
6 0.5792270531400967 0.45642666666666665 0.03049919484702093 0.09285333333333332
0 0.3193035426731079 0.5375866666666667 0.06010466988727856 0.13271999999999995
0 0.3503502415458937 0.5379866666666666 0.04210144927536229 0.09016
0 0.37173913043478257 0.5242266666666666 0.04315619967793883 0.09448000000000001
0 0.40669887278582934 0.5154 0.030450885668276965 0.06514666666666669
8 0.450756843800322 0.49476000000000003 0.017165861513687642 0.038746666666666665
8 0.6577053140096618 0.47292 0.010209339774557217 0.057466666666666694
8 0.6152334943639292 0.4636933333333333 0.007117552334943573 0.04690666666666667
