0 0.10412640901771336 0.7847733333333333 0.20825281803542672 0.42511999999999994
0 0.5131119162640901 0.5672933333333333 0.05435587761674717 0.12685333333333337
0 0.7141586151368761 0.5266933333333333 0.10963768115942035 0.15258666666666665
0 0.4971819645732689 0.55008 0.04009661835748789 0.1076266666666667
0 0.35578502415458935 0.5475733333333334 0.035837359098228654 0.08645333333333337
0 0.6459822866344606 0.5260533333333334 0.09347826086956523 0.10218666666666665
0 0.6808454106280193 0.5313599999999999 0.09880837359098231 0.12005333333333336
0 0.4772302737520129 0.5132533333333333 0.01858293075684383 0.061706666666666625
0 0.7002254428341386 0.7462 0.22391304347826088 0.42141333333333325
8 0.21443236714975844 0.54908 0.06794685990338163 0.05426666666666673
8 0.3863083735909823 0.5348533333333333 0.01950885668276974 0.06202666666666664
8 0.4222423510466988 0.5128666666666666 0.025756843800322022 0.043919999999999994
8 0.4445088566827697 0.49992 0.014041867954911386 0.03354666666666662
8 0.9772463768115942 0.5602533333333333 0.042254428341384875 0.20914666666666668
