0 0.07058373590982286 0.6583733333333333 0.14116747181964573 0.43829333333333326
0 0.31828099838969404 0.5292800000000001 0.08712560386473432 0.11120000000000003
3 0.8384500805152979 0.5118799999999999 0.06279388083735901 0.24365333333333325
3 0.7492109500805153 0.4979733333333333 0.033623188405797096 0.1733866666666667
3 0.7155032206119163 0.49934666666666666 0.018429951690821244 0.1342133333333333
0 0.6949194847020933 0.45412 0.01900161030595815 0.051226666666666684
8 0.45270933977455713 0.4585066666666666 0.02419484702093394 0.028373333333333296
8 0.48787037037037034 0.48310666666666663 0.016384863123993575 0.04130666666666669
8 0.6409943639291465 0.4442933333333334 0.07888083735909825 0.06720000000000004
8 0.9480354267310789 0.43394666666666665 0.038260869565217376 0.05685333333333331
8 0.7925563607085346 0.42746666666666666 0.025756843800322067 0.038720000000000025
