0 0.9434395424836601 0.45131081081081087 0.1114869281045752 0.19062162162162163
0 0.42368464052287574 0.5190270270270271 0.041797385620915006 0.10172972972972978
3 0.5916339869281046 0.4777567567567567 0.03140522875816989 0.09718918918918922
3 0.5399387254901961 0.49285135135135144 0.02884803921568623 0.09467567567567568
3 0.2965890522875817 0.5292567567567568 0.03152777777777776 0.11208108108108109
0 0.7886805555555556 0.4322027027027028 0.06585784313725492 0.06764864864864865
8 0.37300653594771244 0.5050405405405406 0.031993464052287555 0.10067567567567567
8 0.47300653594771247 0.4830810810810811 0.019493464052287593 0.07740540540540546
8 0.7257475490196079 0.45982432432432435 0.054648692810457505 0.056729729729729755
8 0.5093382352941177 0.4662837837837838 0.023398692810457505 0.03348648648648645
8 0.2698856209150327 0.5192567567567568 0.008562091503267942 0.0722432432432433
8 0.6198856209150327 0.46886486486486495 0.011683006535947676 0.06967567567567569
