1 0.21114331723027377 0.5974666666666667 0.026940418679549143 0.23328000000000004
1 0.12045893719806765 0.5544666666666667 0.03009661835748794 0.20199999999999999
5 0.8346256038647343 0.68596 0.09690016103059583 0.30557333333333325
1 0.3553341384863124 0.51964 0.014114331723027354 0.15389333333333335
8 0.2781038647342995 0.5206266666666667 0.09685185185185187 0.10082666666666659
8 0.1761473429951691 0.51284 0.030442834138486315 0.11634666666666665
8 0.3804468599033816 0.50508 0.007785829307568451 0.10082666666666668
8 0.4023188405797101 0.48567999999999995 0.023413848631239968 0.06202666666666664
8 0.42614734299516904 0.4869733333333333 0.013260869565217413 0.106
8 0.5089573268921095 0.4611066666666666 0.03044283413848627 0.08530666666666668
8 0.474194847020934 0.47791999999999996 0.017165861513687642 0.05685333333333331
8 0.7140378421900161 0.49861333333333335 0.009347826086956532 0.11893333333333331
8 0.5894283413848631 0.5012133333333333 0.03669887278582934 0.12413333333333329
8 0.6929468599033817 0.55556 0.02185185185185184 0.12930666666666668
