0 0.0958011272141707 0.69468 0.1916022544283414 0.6053066666666667
0 0.20900966183574882 0.57204 0.04636070853462156 0.13538666666666668
0 0.36664653784219003 0.5648933333333332 0.04854267310789047 0.12856
0 0.34773349436392914 0.5527333333333333 0.043389694041867946 0.1097866666666667
4 0.2198913043478261 0.5136666666666666 0.048864734299516904 0.15544000000000005
0 0.3247866344605475 0.5364 0.024597423510467 0.07280000000000003
0 0.3990499194847021 0.5815333333333332 0.07138486312399357 0.17794666666666664
8 0.27731481481481485 0.5012133333333333 0.009347826086956532 0.02578666666666663
8 0.2945088566827697 0.5076933333333333 0.02497584541062805 0.0646133333333333
8 0.25427133655394524 0.5089866666666667 0.013260869565217413 0.04133333333333333
