0 0.24340177133655394 0.5666133333333334 0.05635265700483093 0.13893333333333333
2 0.202073268921095 0.53304 0.05630434782608696 0.12938666666666668
0 0.03444847020933977 0.5828933333333334 0.06889694041867954 0.07597333333333335
0 0.6391183574879227 0.5095466666666666 0.037012882447665076 0.07093333333333332
5 0.7055152979066023 0.4857866666666667 0.012061191626409033 0.054026666666666716
8 0.11833333333333333 0.5581333333333334 0.06012882447665057 0.05685333333333339
8 0.7394283413848631 0.4766266666666667 0.0054428341384863054 0.043919999999999994
8 0.7859138486312399 0.47015999999999997 0.046851851851851894 0.06719999999999997
8 0.8328220611916264 0.47403999999999996 0.04841384863124002 0.05426666666666665
8 0.28825281803542674 0.54908 0.02809983896940417 0.08530666666666668
8 0.3202898550724637 0.5232133333333333 0.017165861513687593 0.04909333333333332
8 0.6866988727858293 0.4895866666666667 0.01716586151368755 0.043919999999999994
