0 0.989779411764706 0.4598648648648649 0.018807189542483647 0.21432432432432436
0 0.4170547385620915 0.5255945945945947 0.047622549019607864 0.11427027027027029
3 0.6185743464052288 0.47356756756756757 0.03502450980392157 0.10762162162162162
3 0.5667116013071896 0.4909594594594595 0.03160947712418305 0.10256756756756755
3 0.4910661764705883 0.4805540540540541 0.02544934640522874 0.07856756756756755
3 0.2891911764705883 0.5337432432432433 0.03437908496732025 0.12040540540540537
1 0.3670343137254902 0.5022027027027027 0.01509803921568629 0.10510810810810808
0 0.8113643790849674 0.43470270270270267 0.07158496732026154 0.07254054054054056
8 0.7441053921568629 0.4636891891891892 0.05543300653594773 0.059324324324324294
8 0.25934232026143794 0.5347702702702704 0.009338235294117607 0.08775675675675676
8 0.8858946078431373 0.4288243243243244 0.05152777777777773 0.061918918918918917
8 0.9577655228758171 0.42105405405405405 0.056217320261437866 0.06708108108108107
8 0.5191013071895425 0.4572432432432433 0.02418300653594764 0.04124324324324322
