2 0.011719001610305958 0.6166666666666667 0.023438003220611917 0.2560533333333333
0 0.7221658615136877 0.56456 0.09338164251207721 0.20005333333333336
0 0.8100161030595813 0.5653866666666667 0.11710144927536227 0.17648000000000003
2 0.06430354267310788 0.5544266666666667 0.12860708534621576 0.15242666666666665
0 0.03426328502415459 0.58416 0.06852657004830918 0.16725333333333334
2 0.13222624798711757 0.5153733333333332 0.12084541062801933 0.15842666666666666
2 0.16847423510466988 0.51156 0.1042914653784219 0.13746666666666668
5 0.4352818035426731 0.48210666666666663 0.05011272141706925 0.09248000000000002
8 0.23591384863123993 0.5154533333333333 0.057785829307568426 0.08013333333333328
8 0.34059983896940416 0.49476000000000003 0.1109098228663446 0.038746666666666665
8 0.5474919484702093 0.47873333333333334 0.05216586151368757 0.030960000000000036
8 0.595865539452496 0.47392 0.014162640901771361 0.02650666666666666
8 0.6429468599033816 0.47014666666666666 0.029661835748792297 0.030960000000000036
