1 0.6186070261437908 0.6853108108108108 0.08858660130718951 0.623972972972973
1 0.5364215686274509 0.6632432432432432 0.08119281045751633 0.6681081081081082
1 0.4348325163398693 0.6642567567567568 0.06695261437908501 0.5011081081081082
1 0.4740032679738563 0.5033918918918919 0.024330065359477196 0.22370270270270268
1 0.43998366013071893 0.46225675675675676 0.016715686274509835 0.20251351351351354
1 0.46548202614379086 0.47331081081081083 0.014918300653594764 0.1766756756756757
1 0.5025122549019608 0.4773378378378379 0.017246732026143803 0.16608108108108113
3 0.4203513071895425 0.4440405405405406 0.028267973856209123 0.11516216216216213
8 0.24410130718954248 0.48567567567567566 0.10230392156862746 0.19113513513513514
8 0.3409763071895425 0.44948648648648654 0.025743464052287574 0.10843243243243245
8 0.3831658496732026 0.44948648648648654 0.030433006535947712 0.11875675675675676
8 0.8105024509803922 0.37195945945945946 0.3757271241830065 0.10327027027027026
