2 0.09192028985507247 0.52412 0.10706119162640902 0.15634666666666672
5 0.16448872785829308 0.5195866666666666 0.04698067632850241 0.10013333333333337
0 0.2617391304347826 0.5269733333333333 0.05352657004830919 0.07720000000000005
2 0.25170692431562 0.5000933333333333 0.04847020933977459 0.07970666666666663
5 0.2798027375201288 0.49992 0.02052334943639292 0.05487999999999996
0 0.3721376811594203 0.4960399999999999 0.021747181964573262 0.04626666666666665
0 0.3452133655394525 0.5012 0.02680354267310786 0.04479999999999995
8 0.5421658615136876 0.4857066666666666 0.02185185185185193 0.04650666666666674
8 0.39646135265700483 0.49216 0.014822866344605496 0.03354666666666662
8 0.4171618357487923 0.48828000000000005 0.010909822866344615 0.02578666666666663
8 0.5859138486312399 0.47664 0.04997584541062806 0.023200000000000044
8 0.4937278582930757 0.48051999999999995 0.015603864734299514 0.015439999999999978
8 0.4601328502415459 0.4831066666666667 0.006223832528180369 0.015439999999999978
