0 0.7538031045751634 0.4374594594594595 0.09236111111111107 0.10043243243243243
0 0.44620098039215694 0.4982972972972973 0.026650326797385625 0.06794594594594591
3 0.5151225490196079 0.48428378378378384 0.021437908496732033 0.06818918918918924
3 0.47338235294117653 0.48414864864864865 0.020964052287581674 0.06948648648648652
1 0.4848733660130719 0.49390540540540545 0.012181372549019675 0.06878378378378376
1 0.3810294117647059 0.5022702702702703 0.011699346405228753 0.07524324324324326
8 0.3308210784313726 0.5205540540540541 0.030433006535947712 0.08516216216216221
8 0.6714501633986929 0.446891891891892 0.03512254901960785 0.03605405405405406
8 0.5890277777777778 0.4598108108108108 0.007777777777777763 0.05156756756756753
8 0.42457107843137254 0.4947027027027028 0.010122549019607833 0.06448648648648644
