1 0.5761191626409018 0.5129066666666666 0.008856682769726247 0.08319999999999997
2 0.035797101449275365 0.56148 0.07159420289855073 0.15714666666666668
5 0.09844605475040258 0.5486133333333334 0.051400966183574884 0.10208
0 0.023438003220611917 0.6177066666666667 0.04687600644122383 0.1911466666666667
0 0.2253180354267311 0.5493066666666667 0.06595008051529792 0.10965333333333334
0 0.1945169082125604 0.54052 0.0656843800322061 0.10381333333333335
0 0.33581320450885666 0.5196 0.03172302737520127 0.0605333333333333
8 0.539037842190016 0.49734666666666666 0.009347826086956532 0.05426666666666665
8 0.44606682769726247 0.49345333333333335 0.006223832528180369 0.020613333333333306
8 0.7054468599033816 0.5387333333333333 0.042165861513687605 0.04909333333333332
8 0.6437278582930757 0.49346666666666666 0.11404186795491142 0.04650666666666666
