0 0.8513848631239936 0.7538533333333333 0.29561996779388083 0.48696
0 0.32538244766505636 0.61152 0.10870370370370369 0.22405333333333327
0 0.37376409017713363 0.5759866666666666 0.07115136876006442 0.1666933333333333
0 0.5800925925925925 0.52024 0.037560386473429935 0.10655999999999995
0 0.40250402576489536 0.5627866666666667 0.05241545893719809 0.11586666666666671
0 0.4218276972624798 0.5457866666666666 0.0436070853462158 0.10111999999999996
0 0.07264895330112722 0.59268 0.14529790660225445 0.15522666666666668
8 0.2300523349436393 0.5283866666666667 0.07263285024154588 0.09048000000000002
8 0.4866908212560387 0.5038133333333333 0.034347826086956496 0.05167999999999998
8 0.5128703703703704 0.4921733333333333 0.01794685990338161 0.038746666666666665
