0 0.3109098228663446 0.5970799999999999 0.07510466988727861 0.15677333333333338
0 0.5641747181964573 0.5320266666666666 0.054613526570048344 0.1342933333333333
0 0.3509380032206119 0.5675733333333333 0.05757648953301126 0.11674666666666667
0 0.3866747181964573 0.5309333333333333 0.040901771336553906 0.10533333333333333
0 0.40061191626409015 0.5242133333333333 0.03301127214170688 0.08095999999999996
2 0.9221014492753623 0.4170133333333333 0.09972624798711766 0.14303999999999994
0 0.027302737520128822 0.6062133333333334 0.054605475040257645 0.10917333333333332
0 0.050579710144927535 0.6054266666666667 0.10115942028985507 0.12637333333333328
8 0.4339653784219002 0.5012266666666667 0.01482286634460554 0.036160000000000005
8 0.4593478260869565 0.48828000000000005 0.024975845410628004 0.03095999999999996
8 0.4847423510466988 0.4779333333333333 0.010128824476650597 0.025786666666666708
8 0.5128703703703704 0.4869866666666667 0.01482286634460554 0.03354666666666662
8 0.9644001610305957 0.38866666666666666 0.06793075684380041 0.16293333333333335
8 0.6288848631239936 0.44170666666666664 0.051537842190016094 0.04650666666666674
