0 0.08955716586151369 0.7507066666666666 0.17911433172302738 0.4932533333333333
0 0.4125402576489533 0.53504 0.04725442834138491 0.09904000000000003
0 0.21663446054750402 0.6346266666666667 0.14500805152979068 0.26264000000000004
0 0.33089774557165863 0.56036 0.06219806763285024 0.12290666666666668
0 0.5181602254428342 0.49990666666666667 0.023196457326892156 0.06722666666666662
0 0.6048832528180355 0.4784133333333333 0.07300322061191632 0.07512000000000003
0 0.595366344605475 0.4666133333333334 0.06326086956521743 0.08954666666666669
2 0.7460225442834139 0.4325866666666667 0.06916264090177132 0.08421333333333329
8 0.9636513687600644 0.46757333333333323 0.06949275362318837 0.15258666666666665
8 0.47223832528180354 0.47274666666666665 0.008566827697262469 0.028373333333333296
8 0.5562278582930757 0.45852 0.054661835748792256 0.04130666666666669
8 0.6706763285024154 0.44171999999999995 0.058566827697262486 0.043919999999999994
8 0.38740338164251203 0.5205866666666666 0.02393719806763282 0.06448000000000001
