1 0.29961755233494364 0.5498133333333334 0.016884057971014516 0.16042666666666666
1 0.23488727858293076 0.52396 0.01665056360708535 0.14695999999999995
5 0.7001409017713366 0.5869733333333333 0.04462962962962959 0.17357333333333333
8 0.3886513687600644 0.5051066666666666 0.022632850241545904 0.12413333333333336
8 0.42537037037037034 0.48051999999999995 0.03669887278582934 0.08530666666666668
8 0.511694847020934 0.45465333333333335 0.03591787439613528 0.0697866666666667
8 0.475366344605475 0.4624 0.022632850241545904 0.03354666666666662
8 0.33903784219001615 0.5038 0.04060386473429952 0.08013333333333328
8 0.2691143317230274 0.49992 0.0398228663446055 0.08271999999999995
8 0.5780998389694042 0.48827999999999994 0.026537842190016134 0.09048000000000002
8 0.6601328502415459 0.5051066666666666 0.05622383252818029 0.16034666666666664
