0 0.3999918300653595 0.5344594594594595 0.0634313725490196 0.14708108108108114
3 0.688717320261438 0.4663108108108108 0.0451960784313725 0.13494594594594597
3 0.633263888888889 0.47463513513513517 0.03861928104575162 0.12175675675675672
1 0.4314297385620915 0.49928378378378385 0.01759803921568634 0.1233783783783784
3 0.5349019607843137 0.48047297297297303 0.028594771241830068 0.08813513513513517
1 0.3519730392156863 0.49931081081081086 0.019681372549019634 0.13408108108108113
3 0.27275326797385624 0.5316486486486487 0.04596405228758169 0.14135135135135138
1 0.32714052287581696 0.5109594594594595 0.015359477124183016 0.1271621621621622
0 0.8636805555555556 0.43687837837837834 0.08477941176470587 0.08337837837837837
8 0.2347263071895425 0.5295945945945946 0.013243464052287612 0.09551351351351353
8 0.7878553921568628 0.4675810810810811 0.0679330065359477 0.07483783783783783
8 0.9367116013071894 0.43785135135135134 0.05152777777777773 0.056729729729729755
8 0.5108986928104574 0.46498648648648655 0.01558823529411768 0.028297297297297297
8 0.5831699346405228 0.4688783783783784 0.00699346405228763 0.04640540540540537
