1 0.768828502415459 0.5598 0.042938808373590924 0.33218666666666663
0 0.8390942028985507 0.7469066666666667 0.2928260869565218 0.5008533333333333
0 0.691952495974235 0.6303466666666666 0.13797906602254428 0.27541333333333323
0 0.3320008051529791 0.6220933333333333 0.12279388083735913 0.26696
0 0.39024959742351045 0.58012 0.0705797101449275 0.17256000000000002
0 0.6214130434782609 0.56904 0.0776086956521739 0.1741866666666667
0 0.4232367149758455 0.5436666666666666 0.05061191626409019 0.13986666666666664
0 0.46841787439613536 0.5282666666666667 0.045418679549114306 0.10143999999999997
0 0.5939573268921094 0.5397466666666666 0.04052334943639295 0.1256266666666667
0 0.5476247987117553 0.5108799999999999 0.04396135265700485 0.07263999999999994
8 0.26638486312399356 0.5219333333333334 0.02497584541062805 0.038746666666666665
8 0.05466183574879227 0.5542533333333333 0.02497584541062802 0.036133333333333365
8 0.6843478260869565 0.47405333333333327 0.07497584541062802 0.07237333333333337
