0 0.8455756843800322 0.6865866666666667 0.30723832528180356 0.6214933333333333
0 0.11326489533011273 0.7753733333333332 0.22652979066022547 0.44392
0 0.5799074074074074 0.5883866666666666 0.08628824476650569 0.19933333333333325
0 0.3581642512077295 0.5717733333333332 0.06252818035426733 0.13586666666666664
0 0.5302133655394525 0.54192 0.042697262479871156 0.11503999999999996
0 0.38963365539452494 0.5391066666666666 0.041521739130434776 0.11346666666666669
0 0.4084339774557166 0.5238666666666666 0.027190016103059565 0.0728533333333334
3 0.45062399355877614 0.49896 0.005982286634460507 0.045919999999999996
3 0.4558655394524959 0.5001066666666666 0.005740740740740737 0.043466666666666695
0 0.5083454106280193 0.5151333333333333 0.02773752012882451 0.0771466666666666
8 0.47536231884057967 0.4960399999999999 0.0054428341384863054 0.043919999999999994
8 0.48552737520128825 0.47921333333333327 0.013260869565217413 0.03095999999999996
8 0.4343558776167472 0.5038 0.017165861513687642 0.043919999999999994
