0 0.11634863123993558 0.7516533333333333 0.23269726247987116 0.49135999999999996
0 0.24895330112721417 0.65748 0.17665056360708534 0.3385866666666667
0 0.6028381642512077 0.52904 0.05677133655394524 0.15226666666666663
0 0.3330676328502415 0.6029733333333334 0.09684380032206122 0.19447999999999993
0 0.376243961352657 0.5626666666666666 0.07119967793880838 0.1516266666666667
0 0.4674557165861513 0.5005333333333333 0.027294685990338147 0.062133333333333284
0 0.5023228663446054 0.48406666666666665 0.015499194847020933 0.038853333333333316
8 0.5449033816425121 0.46956000000000003 0.01932367149758454 0.03901333333333332
8 0.5688083735909824 0.4973333333333333 0.018486312399355907 0.06677333333333338
8 0.11380837359098228 0.5223333333333333 0.09144927536231882 0.11677333333333338
