0 0.4782594681708299 0.5124202127659575 0.027767929089444025 0.083563829787234
0 0.04204673650282031 0.6598670212765958 0.08409347300564061 0.3566489361702128
5 0.06372683319903304 0.8557579787234042 0.12745366639806607 0.28316489361702135
0 0.17778001611603544 0.7489760638297872 0.26142626913779204 0.4577393617021277
0 0.20024979854955682 0.5972473404255318 0.11547139403706688 0.16401595744680855
0 0.35344480257856564 0.5744015957446809 0.07386784850926668 0.1585372340425532
0 0.3077518130539887 0.5363164893617021 0.05677679290894438 0.1201329787234043
0 0.39050765511684127 0.537752659574468 0.045576148267526186 0.10146276595744683
0 0.415624496373892 0.5262234042553192 0.030684931506849346 0.07164893617021284
5 0.43564061240934726 0.4920877659574468 0.022304593070104805 0.0816223404255319
0 0.03914987912973408 0.6111037234042552 0.07829975825946817 0.2067287234042553
2 0.19636180499597097 0.5317819148936169 0.09419016921837227 0.16617021276595742
