1 0.5505856219709209 0.5338235294117646 0.024499192245557293 0.2151336898395722
1 0.5721163166397415 0.5217780748663101 0.025848142164781908 0.2228609625668449
1 0.37166397415185787 0.5384358288770054 0.025573505654281074 0.2298128342245989
3 0.48917205169628436 0.49085561497326197 0.018828756058158275 0.1273262032085561
8 0.7736025848142165 0.7431550802139036 0.07555735056542809 0.4417647058823529
8 0.9736550888529888 0.7529144385026738 0.04941033925686598 0.48347593582887693
8 0.04310581583198708 0.629264705882353 0.08310985460420033 0.32510695187165767
8 0.43541195476575123 0.4889839572192513 0.01177705977382879 0.10010695187165775
8 0.31247576736672056 0.5139973262032086 0.021009693053311834 0.12232620320855614
8 0.4593295638126011 0.49037433155080207 0.012617124394184172 0.09732620320855616
8 0.5054846526655896 0.4584224598930481 0.012617124394184172 0.03898395721925137
8 0.5969547657512116 0.4778743315508021 0.01429725363489503 0.11676470588235298
