1 0.5210298869143781 0.6160695187165774 0.035484652665589624 0.37112299465240645
1 0.569050888529887 0.6024064171122995 0.0452584814216478 0.37828877005347594
1 0.2367528271405493 0.6240240641711229 0.04961227786752829 0.4046256684491979
3 0.3105048465266559 0.6469652406417112 0.07748788368336026 0.4376737967914438
3 0.39730210016155093 0.5661497326203209 0.045880452342487894 0.2415508021390375
3 0.3875686591276252 0.5422994652406417 0.028707592891760877 0.1994652406417112
1 0.5948707592891762 0.5172326203208556 0.01403877221324717 0.16724598930481285
0 0.4083198707592892 0.4962032085561497 0.03276252019386102 0.09855614973262028
8 0.06282714054927302 0.5931550802139037 0.04366720516962844 0.2528877005347593
8 0.4530411954765752 0.49038770053475933 0.04031502423263335 0.06954545454545452
