0 0.23564412238325277 0.5735733333333333 0.12748792270531398 0.1535466666666666
0 0.40145330112721417 0.5256533333333333 0.07034621578099835 0.10821333333333329
0 0.04012882447665057 0.57476 0.08025764895330113 0.16226666666666664
0 0.3172061191626409 0.5135466666666666 0.07161030595813205 0.1073066666666666
2 0.4351086956521739 0.4872266666666667 0.03788244766505632 0.07850666666666666
0 0.4883454106280193 0.5015466666666667 0.042326892109500754 0.07616
0 0.5731723027375202 0.47950666666666664 0.020466988727858352 0.04551999999999998
8 0.5411312399355878 0.47096000000000005 0.025193236714975815 0.025119999999999965
8 0.6103220611916264 0.4723333333333333 0.02099838969404181 0.055653333333333346
8 0.8267834138486313 0.4514933333333333 0.3432125603864734 0.06954666666666662
