0 0.4786744560838033 0.5140425531914894 0.02743755036261076 0.08255319148936176
0 0.0839242546333602 0.6515691489361702 0.1678485092667204 0.3367021276595745
5 0.16346494762288477 0.7948537234042553 0.15887187751813053 0.3108776595744681
0 0.2585898468976631 0.6709308510638298 0.16926672038678484 0.320159574468085
0 0.2405157131345689 0.5815824468085107 0.09261885576148267 0.13890957446808508
0 0.3694037066881547 0.5628723404255319 0.062369057211925844 0.13760638297872335
0 0.3238477034649476 0.534029255319149 0.04975825946817083 0.1089627659574468
0 0.39804593070104755 0.5334707446808511 0.040733279613215156 0.09242021276595744
0 0.4199435938759066 0.5255186170212766 0.028267526188557646 0.06699468085106382
5 0.4373368251410153 0.49152925531914893 0.02112006446414185 0.07757978723404259
2 0.22492747784045122 0.5293218085106383 0.08037872683319904 0.1485904255319149
