0 0.5100564061240934 0.5692952127659574 0.06649476228847702 0.19944148936170214
0 0.07238114423851733 0.7780053191489361 0.14476228847703465 0.4386702127659574
0 0.06643029814665592 0.6619946808510638 0.13286059629331184 0.3340957446808511
0 0.2743271555197421 0.632593085106383 0.15211925866236903 0.2756648936170213
5 0.3681788879935535 0.4515824468085107 0.12024174053182914 0.36896276595744676
5 0.4408944399677679 0.45163563829787234 0.031571313456889655 0.14013297872340424
0 0.15132957292506044 0.5611968085106382 0.10712328767123287 0.1396808510638298
2 0.24108783239323126 0.5061037234042554 0.07287671232876713 0.13811170212765952
0 0.5343875906526994 0.5259574468085106 0.02668009669621274 0.07085106382978727
0 0.5771756647864625 0.5098404255319149 0.02479452054794519 0.04537234042553192
