3 0.8096486928104575 0.620891891891892 0.03486928104575169 0.2624864864864866
3 0.505563725490196 0.7213783783783784 0.10493464052287577 0.5062702702702703
3 0.6826388888888889 0.5876216216216217 0.031013071895424776 0.18637837837837842
1 0.35911764705882354 0.524027027027027 0.009264705882352968 0.12210810810810806
1 0.373202614379085 0.5282972972972974 0.011437908496732027 0.10605405405405409
3 0.6241993464052288 0.549054054054054 0.029771241830065406 0.10616216216216218
1 0.6540032679738562 0.533918918918919 0.013349673202614312 0.10567567567567566
1 0.6777083333333334 0.5593378378378379 0.012524509803921509 0.1077027027027027
8 0.7070057189542484 0.5486891891891892 0.017655228758169852 0.08062162162162166
8 0.8724264705882352 0.5681216216216216 0.044526143790849675 0.08062162162162166
