0 0.02325281803542673 0.6697333333333333 0.04650563607085346 0.24799999999999991
0 0.11405797101449275 0.6058 0.152914653784219 0.19576
0 0.5361352657004831 0.5153733333333332 0.02851851851851858 0.08295999999999996
0 0.5030877616747182 0.4977866666666667 0.03042673107890496 0.07941333333333334
0 0.5468478260869565 0.4942399999999999 0.023051529790660222 0.07040000000000002
0 0.7818438003220611 0.4604933333333333 0.07616747181964575 0.08583999999999999
0 0.7502093397745572 0.46264 0.06640901771336555 0.08224000000000001
8 0.9030958132045088 0.4473333333333333 0.19057165861513692 0.15567999999999999
8 0.015950080515297907 0.5626 0.031900161030595814 0.04733333333333333
8 0.2769404186795491 0.5167866666666667 0.15771336553945248 0.08343999999999997
8 0.4396457326892109 0.48484 0.02687600644122383 0.04178666666666671
8 0.5969082125603865 0.4653733333333333 0.017648953301127274 0.05288000000000003
