0 0.7409380032206119 0.5567866666666667 0.09702898550724637 0.19682666666666668
0 0.6504750402576489 0.5506933333333333 0.06966183574879226 0.1870933333333333
0 0.2298027375201288 0.5561733333333333 0.04976650563607086 0.10125333333333332
0 0.3877415458937198 0.5188799999999999 0.07561191626409015 0.10693333333333331
0 0.04726650563607085 0.5535066666666666 0.03896135265700484 0.08839999999999994
0 0.17782608695652175 0.5179066666666666 0.020853462157809987 0.061679999999999985
2 0.51914653784219 0.6494266666666667 0.23853462157809982 0.4700000000000001
0 0.3453220611916264 0.6130133333333333 0.1034460547504026 0.18682666666666675
8 0.8439009661835749 0.50984 0.1375764895330112 0.09733333333333333
8 0.11800322061191626 0.5126133333333334 0.04784219001610307 0.058453333333333295
8 0.07271739130434783 0.5334533333333333 0.022681159420289858 0.07789333333333336
