0 0.38979066022544284 0.5561066666666667 0.06389694041867952 0.13008
0 0.10592592592592592 0.7210666666666666 0.21185185185185185 0.41690666666666665
0 0.29269726247987116 0.59192 0.08296296296296297 0.1559466666666667
0 0.5195008051529791 0.5114133333333333 0.0260547504025765 0.0749333333333334
0 0.6174154589371981 0.4878 0.08315619967793879 0.08525333333333333
0 0.6080676328502416 0.47568 0.07152979066022547 0.10058666666666666
2 0.7716384863123994 0.4405466666666666 0.07739935587761683 0.0927733333333333
8 0.69335346215781 0.45010666666666665 0.07635265700483086 0.07232000000000001
8 0.4706763285024154 0.4820533333333333 0.008421900161030534 0.03621333333333337
8 0.5516143317230274 0.46956000000000003 0.04448470209339775 0.03901333333333332
8 0.43419484702093397 0.4931733333333333 0.03106280193236709 0.030666666666666665
8 0.4958373590982286 0.4889866666666667 0.020161030595813267 0.03343999999999998
