0 0.08420289855072463 0.7678933333333332 0.16840579710144926 0.45888
0 0.9414935587761675 0.7705066666666667 0.11540257648953295 0.45365333333333335
0 0.7977415458937198 0.7452933333333334 0.31538647342995174 0.50408
0 0.20473832528180355 0.6644266666666667 0.14778582930756845 0.2829866666666667
1 0.65993961352657 0.5221866666666666 0.02147342995169088 0.23072
1 0.6846175523349437 0.5086133333333334 0.020668276972624765 0.2342933333333333
0 0.649778582930757 0.6199866666666667 0.12227858293075684 0.26450666666666656
2 0.2969847020933978 0.5234133333333333 0.0831803542673108 0.10671999999999995
8 0.8162238325281803 0.4487333333333333 0.13254428341384855 0.07512000000000003
8 0.34906602254428337 0.50012 0.05035426731078907 0.04456000000000002
