0 0.07765297906602253 0.6318266666666666 0.15530595813204506 0.31288000000000005
0 0.10274557165861514 0.6256 0.20549114331723028 0.28704
0 0.21075684380032206 0.5699866666666666 0.08642512077294687 0.15943999999999997
0 0.25850644122383254 0.5572266666666666 0.11348631239935589 0.1448
0 0.35552737520128824 0.52572 0.03989533011272138 0.09479999999999995
0 0.36956924315619966 0.5159466666666667 0.0367230273752013 0.07882666666666667
1 0.3193317230273752 0.5509733333333333 0.011884057971014486 0.13538666666666668
1 0.3170289855072464 0.56796 0.011191626409017694 0.09608
8 0.8217512077294686 0.4695599999999999 0.3532769726247987 0.11677333333333331
8 0.39603864734299515 0.5015066666666667 0.036940418679549156 0.07512000000000003
8 0.47487520128824484 0.48484 0.015128824476650626 0.04178666666666671
8 0.5390378421900162 0.4834266666666666 0.042809983896940476 0.055653333333333346
