0 0.4876932367149759 0.5802666666666666 0.05572463768115945 0.1768533333333333
2 0.19585346215781 0.6172266666666666 0.20811594202898553 0.3696
0 0.3471658615136876 0.5358799999999999 0.03475040257648951 0.06018666666666672
0 0.39109098228663447 0.5214533333333333 0.01896135265700484 0.04285333333333339
0 0.5222866344605475 0.5031599999999999 0.030193236714975844 0.04424000000000001
1 0.9271779388083736 0.57108 0.03396940418679553 0.27613333333333334
1 0.8982850241545894 0.57904 0.03172302737520118 0.22768
1 0.9380837359098227 0.51852 0.014331723027375164 0.14226666666666665
8 0.42664653784219 0.4973333333333333 0.022681159420289913 0.027893333333333277
8 0.4492954911433173 0.49316 0.01261674718196454 0.019546666666666622
