0 0.4731668009669621 0.5178590425531915 0.031313456889605164 0.094281914893617
0 0.1512852538275584 0.765438829787234 0.2802659145850121 0.46380319148936167
0 0.08603948428686543 0.6413962765957446 0.17207896857373087 0.27247340425531913
2 0.26147864625302175 0.5139228723404256 0.1187026591458501 0.28396276595744685
0 0.09108380338436745 0.5819148936170213 0.13435132957292506 0.17106382978723408
0 0.31419419822723604 0.5397473404255319 0.05646253021756647 0.10965425531914891
5 0.4170265914585012 0.49772606382978724 0.03916196615632556 0.12784574468085105
5 0.38378323932312647 0.5019015957446807 0.07506043513295732 0.24045212765957447
4 0.4361643835616438 0.45690159574468087 0.0290088638195004 0.1385372340425532
0 0.2167969379532635 0.537220744680851 0.06840451248992749 0.11555851063829783
