2 0.03801127214170692 0.5258666666666666 0.07602254428341385 0.18426666666666663
5 0.10392914653784217 0.5316666666666666 0.059726247987117544 0.11858666666666673
0 0.1849597423510467 0.5453466666666666 0.08006441223832528 0.10397333333333335
2 0.2204710144927536 0.5028266666666666 0.056561996779388085 0.08981333333333334
5 0.2549838969404187 0.5069066666666666 0.02421900161030599 0.06106666666666668
0 0.3459460547504025 0.5049466666666667 0.02681964573268921 0.055546666666666696
0 0.3163244766505636 0.5105999999999999 0.0352737520128824 0.053786666666666705
8 0.5432286634460548 0.4917733333333333 0.0209983896940419 0.055653333333333346
8 0.39267713365539453 0.49454666666666663 0.04364734299516902 0.04456000000000002
8 0.5973268921095009 0.47928 0.06880837359098231 0.030666666666666665
8 0.6245813204508857 0.4973333333333333 0.02099838969404181 0.03344000000000005
