1 0.5630354267310789 0.503 0.007520128824476676 0.07037333333333329
2 0.10380837359098229 0.52832 0.09756843800322061 0.128
5 0.16721819645732688 0.5241866666666666 0.03720611916264088 0.08224000000000001
0 0.21107085346215784 0.5430666666666666 0.06492753623188408 0.10725333333333333
0 0.17456521739130434 0.5462266666666666 0.07821256038647342 0.09975999999999999
0 0.3084903381642512 0.5108266666666667 0.03987922705314012 0.07280000000000003
0 0.28226650563607086 0.5104933333333334 0.03999194847020935 0.07154666666666662
0 0.36915861513687603 0.4972133333333333 0.02382447665056363 0.04711999999999997
8 0.6342230273752012 0.4778933333333333 0.12416264090177127 0.061226666666666686
8 0.6547745571658615 0.54316 0.03106280193236709 0.052879999999999955
8 0.5335829307568438 0.48205333333333333 0.011771336553945253 0.064
8 0.488707729468599 0.47789333333333334 0.026030595813204542 0.022346666666666654
