1 0.7763325281803543 0.55004 0.050185185185185215 0.4150133333333333
1 0.8237520128824477 0.5469466666666666 0.04723027375201295 0.42125333333333326
0 0.8615177133655395 0.75244 0.27535426731078905 0.4897866666666666
0 0.06678341384863123 0.5892266666666667 0.10693236714975846 0.09818666666666664
0 0.04076086956521739 0.6245466666666666 0.08152173913043478 0.14120000000000005
0 0.69756038647343 0.49296 0.07948470209339777 0.09749333333333327
4 0.644597423510467 0.4025466666666666 0.15059581320450882 0.20557333333333333
2 0.22741143317230272 0.5429733333333333 0.11245571658615133 0.14018666666666665
8 0.14484299516908214 0.5404 0.0646135265700483 0.09733333333333333
8 0.2987479871175523 0.5098266666666667 0.08390499194847019 0.07512000000000003
