0 0.2653502415458937 0.6917066666666666 0.1860950080515298 0.3447466666666666
0 0.1061111111111111 0.7176533333333334 0.2122222222222222 0.3511466666666666
0 0.5352938808373591 0.5206933333333333 0.03678743961352652 0.10085333333333331
0 0.35986714975845413 0.58212 0.07651368760064414 0.1682933333333333
0 0.67676731078905 0.4972133333333333 0.12148953301127213 0.12173333333333335
0 0.6560950080515298 0.4782266666666667 0.10103059581320452 0.13880000000000003
2 0.8640982286634461 0.42355999999999994 0.1063446054750403 0.12194666666666663
8 0.41741948470209334 0.50984 0.0444847020933977 0.064
8 0.570901771336554 0.45983999999999997 0.037777777777777743 0.06954666666666662
8 0.7801570048309178 0.439 0.09396940418679543 0.07789333333333327
8 0.6191304347826088 0.4862133333333333 0.0788727858293076 0.061226666666666686
8 0.4480314009661835 0.489 0.023518518518518456 0.04455999999999995
8 0.47822463768115936 0.47790666666666665 0.013454106280193175 0.03901333333333332
8 0.5017149758454106 0.47928000000000004 0.018486312399355907 0.03621333333333337
