0 0.4892230273752013 0.50092 0.018913043478260876 0.059600000000000056
0 0.6623832528180355 0.6833066666666666 0.15148148148148147 0.34698666666666667
0 0.6082850241545894 0.5942 0.09528180354267304 0.2237599999999999
0 0.4584178743961353 0.5029333333333333 0.018429951690821244 0.05098666666666668
0 0.5620088566827697 0.5393999999999999 0.04609500805152979 0.12322666666666668
0 0.5464814814814815 0.5231066666666667 0.04146537842190016 0.11437333333333337
0 0.32663043478260867 0.5193733333333332 0.04321256038647344 0.05047999999999994
1 0.5799476650563608 0.49835999999999997 0.009170692431561985 0.1115466666666667
8 0.37632447665056357 0.5070666666666667 0.03609500805152978 0.05845333333333337
8 0.5180636070853462 0.5000933333333333 0.0327455716586151 0.08898666666666667
