3 0.8972426470588235 0.6269864864864865 0.04193627450980405 0.2914324324324324
1 0.07324754901960785 0.6870405405405405 0.1089297385620915 0.6205135135135136
3 0.646952614379085 0.6702972972972973 0.07522875816993459 0.376864864864865
3 0.7802165032679739 0.5962432432432433 0.030580065359477177 0.1745945945945946
1 0.4510825163398693 0.528391891891892 0.010351307189542544 0.11710810810810807
1 0.46490196078431373 0.5288783783783784 0.012794117647058798 0.10029729729729733
3 0.6913398692810458 0.5566216216216217 0.031715686274509845 0.10837837837837837
1 0.7433905228758171 0.5482162162162163 0.013611111111111086 0.10778378378378378
1 0.7648039215686275 0.574972972972973 0.014428104575163466 0.10945945945945947
8 0.14525735294117648 0.4903648648648649 0.04116830065359479 0.08618918918918916
8 0.8098651960784313 0.5667432432432432 0.021854575163398695 0.10008108108108109
8 0.5684558823529412 0.545918918918919 0.015980392156862793 0.10286486486486487
