0 0.866123188405797 0.7395066666666666 0.26614331723027373 0.5156533333333333
0 0.03797504025764895 0.80128 0.0759500805152979 0.39210666666666666
0 0.21644122383252817 0.6240800000000001 0.1562962962962963 0.2977066666666667
0 0.4325201288244767 0.51532 0.03458937198067626 0.07528000000000004
0 0.30138486312399354 0.5704133333333333 0.08703703703703705 0.17533333333333334
0 0.3652133655394525 0.5417733333333333 0.046819645732689236 0.09784
0 0.5192552334943639 0.494 0.020636070853462155 0.05957333333333326
0 0.5941143317230274 0.4759466666666667 0.06360708534621579 0.0657066666666667
2 0.7250040257648953 0.43887999999999994 0.061360708534621514 0.07541333333333333
8 0.9152495974235104 0.46815999999999997 0.16624798711755234 0.13066666666666665
8 0.4748711755233494 0.47232 0.010096618357487893 0.03343999999999998
8 0.40652173913043477 0.50984 0.027713365539452507 0.06954666666666662
8 0.6585466988727858 0.4459466666666667 0.05371175523349439 0.058453333333333295
8 0.5545450885668277 0.46957333333333334 0.04532206119162638 0.055679999999999986
