0 0.17659017713365538 0.7621866666666666 0.35318035426731076 0.47029333333333334
0 0.8825805152979066 0.7969333333333334 0.23322866344605472 0.4008
0 0.7607407407407407 0.7484266666666666 0.26315619967793885 0.49781333333333333
3 0.6344404186795491 0.5826133333333333 0.022745571658615137 0.17093333333333333
0 0.4102576489533011 0.58032 0.053301127214170685 0.15183999999999997
0 0.5613888888888889 0.56184 0.05833333333333337 0.16149333333333332
0 0.45055152979066027 0.5312533333333334 0.0254991948470209 0.07114666666666668
2 0.5273631239935588 0.5167333333333333 0.028655394524959677 0.09010666666666664
8 0.47529388083735913 0.5084533333333333 0.0142914653784219 0.03343999999999998
8 0.4991988727858293 0.49456 0.013454106280193267 0.022346666666666654
