0 0.468368251410153 0.5214494680851064 0.03354552780016116 0.10098404255319149
0 0.14558420628525381 0.7460372340425532 0.29116841257050763 0.5026063829787234
0 0.3009548751007252 0.6318484042553191 0.11710717163577758 0.25082446808510644
0 0.14223207091055598 0.6210106382978723 0.16496373892022562 0.23835106382978724
0 0.06625302175664786 0.5885239361702128 0.13250604351329573 0.1759308510638298
0 0.23587429492344886 0.5653989361702128 0.08494762288477035 0.15143617021276595
2 0.3175503626107978 0.5016223404255319 0.07068493150684929 0.19468085106382982
0 0.20328767123287672 0.5496409574468085 0.07726027397260275 0.11561170212765957
0 0.3450644641418211 0.5248271276595744 0.03947622884770347 0.08337765957446806
5 0.41728041901692187 0.49656914893617016 0.03378726833199029 0.11079787234042553
5 0.39586220789685733 0.4930718085106383 0.05647864625302169 0.18981382978723405
4 0.431539081385979 0.45992021276595746 0.02462530217566483 0.12521276595744685
0 0.26958501208702657 0.523563829787234 0.04679290894439967 0.0878723404255319
