1 0.5648142164781906 0.5678743315508021 0.02717285945072697 0.25708556149732614
1 0.5961631663974152 0.5554144385026738 0.03373182552504038 0.2657486631016043
1 0.36106219709208404 0.5735561497326203 0.03298061389337645 0.273048128342246
3 0.47335621970920844 0.5241978609625668 0.023271405492730168 0.1670053475935829
3 0.5049636510500808 0.5117647058823529 0.017358642972536358 0.11823529411764705
1 0.6181663974151858 0.5070320855614973 0.012067851373182505 0.12443850267379676
8 0.28310581583198713 0.5375935828877005 0.02100969305331179 0.14176470588235288
8 0.4295395799676898 0.5139973262032086 0.011777059773828698 0.11120320855614974
8 0.19415185783521813 0.5903877005347593 0.08646203554119547 0.16954545454545453
8 0.5306623586429726 0.4889973262032085 0.010936995153473315 0.06120320855614977
