0 0.10293478260869565 0.7554533333333333 0.2058695652173913 0.47170666666666666
0 0.12495974235104669 0.67884 0.24991948470209338 0.31074666666666656
0 0.1959903381642512 0.6247333333333334 0.1877294685990338 0.25912
0 0.677999194847021 0.6661733333333333 0.17232689210950086 0.35666666666666663
0 0.3396980676328502 0.5486666666666666 0.11161835748792275 0.14250666666666664
0 0.5702254428341385 0.5286933333333332 0.04529790660225442 0.12
0 0.36471014492753623 0.52832 0.09057971014492754 0.10074666666666666
0 0.3874315619967794 0.5156933333333333 0.06645732689210952 0.08685333333333331
0 0.5622665056360708 0.5145866666666666 0.038252818035426725 0.11184
2 0.5320611916264091 0.4634 0.017922705314009656 0.06669333333333331
8 0.44509661835748787 0.49594666666666665 0.09816425120772944 0.09733333333333333
8 0.5180636070853462 0.46956000000000003 0.0327455716586151 0.03901333333333332
