0 0.8123631239935588 0.7382133333333333 0.3329549114331723 0.51824
0 0.6350563607085347 0.5930266666666667 0.09925925925925924 0.24845333333333336
0 0.2812962962962963 0.6142533333333333 0.09896940418679545 0.2021066666666667
0 0.3987721417069243 0.5323866666666666 0.03033011272141708 0.07373333333333335
0 0.5303260869565217 0.49928000000000006 0.027109500805152946 0.07109333333333333
0 0.4110426731078905 0.5232533333333333 0.02722222222222218 0.06202666666666664
8 0.43670692431561997 0.5042933333333334 0.03106280193236709 0.058453333333333295
8 0.4769685990338164 0.489 0.042809983896940476 0.04455999999999995
8 0.5067391304347826 0.47928 0.010096618357487893 0.030666666666666665
8 0.5503582930756844 0.45844 0.03525764895330119 0.04456000000000002
8 0.6447101449275362 0.45150666666666667 0.01932367149758454 0.04733333333333333
