2 0.06571658615136876 0.5227866666666666 0.11821256038647343 0.1671733333333333
5 0.1465942028985507 0.5223599999999999 0.05048309178743961 0.10567999999999998
0 0.24097020933977453 0.5320666666666666 0.06063607085346216 0.08456000000000002
2 0.24238727858293077 0.4991733333333333 0.050732689210950074 0.08277333333333338
5 0.272061191626409 0.5010399999999999 0.021658615136876034 0.05685333333333339
0 0.36469806763285023 0.4981333333333334 0.023051529790660222 0.048906666666666675
0 0.3367552334943639 0.50308 0.02964573268921099 0.04733333333333333
8 0.39142512077294683 0.49316 0.01932367149758454 0.04178666666666671
8 0.4140700483091787 0.4889866666666667 0.0142914653784219 0.03343999999999998
8 0.45893317230273745 0.4848266666666667 0.006739130434782612 0.02512000000000004
8 0.6040338164251208 0.48345333333333335 0.08893719806763288 0.04456000000000002
8 0.4920652173913043 0.4806533333333333 0.0142914653784219 0.01677333333333331
