3 0.7384420289855073 0.5407333333333333 0.04822061191626408 0.26567999999999997
1 0.7594363929146538 0.5282133333333333 0.0249597423510467 0.19733333333333333
1 0.7864814814814814 0.5265066666666667 0.020402576489533038 0.20048000000000002
5 0.777133655394525 0.5668133333333333 0.028937198067632803 0.11496000000000003
3 0.6263929146537842 0.50268 0.012689210950080508 0.10632000000000001
8 0.6174557165861514 0.4612266666666666 0.16945249597423515 0.03343999999999998
8 0.8959903381642511 0.4728533333333333 0.2047987117552335 0.09797333333333336
8 0.460012077294686 0.4764533333333333 0.015161030595813238 0.025333333333333333
8 0.49751610305958127 0.47650666666666663 0.023518518518518546 0.030666666666666665
8 0.39729066022544285 0.4834266666666666 0.0142914653784219 0.02232000000000001
