0 0.03217391304347826 0.7466933333333333 0.06434782608695652 0.36565333333333333
0 0.07129227053140097 0.6435866666666665 0.14258454106280194 0.34061333333333327
0 0.12314814814814815 0.62584 0.21507246376811595 0.25722666666666666
0 0.2176489533011272 0.5795866666666667 0.1464734299516908 0.19416
0 0.29487117552334946 0.5411866666666666 0.06231884057971017 0.11373333333333334
0 0.3244444444444445 0.52972 0.08251207729468596 0.10701333333333332
0 0.3881078904991948 0.5117866666666667 0.030998389694041867 0.07722666666666668
8 0.8192351046698872 0.4917866666666667 0.35830917874396134 0.16122666666666668
8 0.495 0.4820533333333333 0.016811594202898548 0.03621333333333337
8 0.4174557165861514 0.4990266666666666 0.02349436392914659 0.05805333333333336
8 0.5356280193236715 0.4811066666666667 0.021739130434782608 0.06578666666666663
8 0.5566425120772946 0.47232 0.01093397745571662 0.03343999999999998
