0 0.406421568627451 0.5305405405405406 0.057336601307189504 0.13459459459459455
3 0.6627573529411764 0.4685405405405406 0.04093954248366014 0.12470270270270276
3 0.6084967320261437 0.48071621621621624 0.035964052287581684 0.11462162162162162
1 0.42802696078431374 0.4914864864864865 0.012916666666666623 0.11637837837837839
3 0.5189991830065359 0.47281081081081083 0.027426470588235243 0.08464864864864864
1 0.35440359477124184 0.49987837837837834 0.01697712418300656 0.12537837837837842
3 0.27867238562091506 0.532391891891892 0.04167483660130723 0.13354054054054054
1 0.34043709150326795 0.5067162162162163 0.013815359477124157 0.11910810810810818
0 0.8453431372549021 0.4355405405405406 0.0800163398692811 0.07956756756756757
8 0.7733374183006536 0.4681351351351351 0.0629983660130719 0.0750810810810811
8 0.9893382352941177 0.42925675675675673 0.01805555555555548 0.06397297297297294
8 0.9173570261437909 0.4375810810810811 0.05040032679738567 0.058405405405405446
8 0.2443382352941177 0.5264594594594595 0.012614379084967318 0.0972972972972973
