3 0.6915257648953301 0.5298266666666667 0.035628019323671496 0.21783999999999998
1 0.71085346215781 0.5176533333333333 0.020128824476650563 0.16368
1 0.7332528180354267 0.5160133333333333 0.017713365539452495 0.16498666666666667
5 0.7265217391304347 0.5486666666666666 0.02222222222222224 0.09509333333333339
3 0.6127334943639291 0.5024933333333333 0.010909822866344569 0.09799999999999999
8 0.605708534621578 0.4612266666666666 0.120805152979066 0.03343999999999998
8 0.8180756843800322 0.4766133333333333 0.3606280193236715 0.12032000000000001
8 0.4670571658615137 0.4811066666666667 0.012342995169082159 0.0284533333333333
8 0.3964573268921095 0.4848266666666667 0.017648953301127226 0.02512000000000004
8 0.49877616747181963 0.48344000000000004 0.02099838969404181 0.027893333333333353
