0 0.22045088566827697 0.5881466666666667 0.1352979066022544 0.16599999999999998
0 0.2822504025764895 0.55696 0.09938003220611917 0.13824
0 0.3050684380032206 0.5428933333333332 0.09004025764895329 0.12141333333333333
0 0.3371497584541063 0.5256666666666666 0.08246376811594204 0.10818666666666664
0 0.3685869565217392 0.5245866666666666 0.04981481481481482 0.07914666666666668
0 0.38252818035426733 0.5176 0.053220611916264066 0.062453333333333375
0 0.40566827697262475 0.5042666666666666 0.0452173913043478 0.05813333333333336
8 0.10542673107890499 0.5612266666666665 0.04112721417069242 0.19456
8 0.4451006441223833 0.4917866666666667 0.024355877616747183 0.03343999999999998
8 0.7912640901771336 0.47858666666666666 0.4142512077294686 0.16826666666666673
8 0.504158615136876 0.4904533333333333 0.015161030595813238 0.034666666666666665
8 0.5218397745571659 0.48066666666666663 0.013454106280193267 0.03344000000000005
8 0.5423872785829308 0.4820533333333333 0.012616747181964632 0.025119999999999965
