0 0.9201756535947714 0.4543378378378378 0.158014705882353 0.16975675675675678
0 0.4273774509803922 0.5153918918918919 0.038627450980392136 0.09478378378378377
3 0.5762622549019608 0.48043243243243244 0.029272875816993497 0.09118918918918922
3 0.5259232026143791 0.4925675675675676 0.02720588235294114 0.0896216216216217
3 0.30236928104575167 0.530972972972973 0.0276797385620915 0.10751351351351353
0 0.7751593137254903 0.4312837837837838 0.06239379084967321 0.06462162162162162
8 0.36861111111111106 0.5139594594594595 0.012614379084967318 0.09451351351351352
8 0.39296160130718955 0.49590540540540545 0.009256535947712405 0.08618918918918923
8 0.4651797385620915 0.48895945945945946 0.022696078431372526 0.07229729729729731
8 0.6112826797385621 0.46952702702702703 0.012614379084967273 0.07229729729729731
8 0.7179248366013072 0.4528648648648649 0.05292483660130717 0.061189189189189155
