1 0.5415185783521811 0.5426069518716577 0.019660743134087263 0.16901069518716572
1 0.5538489499192245 0.5377406417112299 0.019652665589660778 0.17639037433155078
1 0.4056906300484653 0.5328609625668449 0.02288368336025847 0.18080213903743317
8 0.47779483037156706 0.5001069518716578 0.04282714054927301 0.0945454545454545
8 0.5122011308562198 0.48481283422459887 0.019329563812601022 0.041764705882352954
8 0.7723424878836834 0.7598395721925133 0.1653473344103393 0.45844919786096267
8 0.5852019386106624 0.5209491978609625 0.02604200323101778 0.11954545454545457
8 0.09178109854604201 0.6084491978609625 0.09821486268174474 0.20010695187165783
8 0.3565347334410339 0.5264839572192513 0.016817447495961223 0.1251069518716578
8 0.27555331179321485 0.5653743315508021 0.03947495961227787 0.10288770053475932
