0 0.499927536231884 0.61216 0.090805152979066 0.2841066666666666
0 0.8829106280193237 0.7378266666666666 0.23256843800322063 0.5190133333333333
2 0.4071859903381642 0.5037333333333334 0.03574074074074073 0.09167999999999998
1 0.6683615136876007 0.5239866666666667 0.022342995169082124 0.1607733333333333
1 0.7688929146537843 0.5147866666666667 0.015692431561996786 0.1166133333333333
1 0.8572705314009662 0.5056 0.012753623188405915 0.15327999999999997
1 0.8161272141706924 0.49761333333333335 0.007568438003220685 0.10125333333333332
0 0.06610708534621579 0.5480133333333334 0.08042673107890501 0.08754666666666662
8 0.3788405797101449 0.5056666666666666 0.020998389694041854 0.055653333333333346
8 0.4383856682769726 0.48066666666666663 0.024355877616747183 0.027893333333333277
