0 0.24380434782608695 0.6414933333333334 0.13269726247987115 0.24778666666666663
0 0.034649758454106276 0.6786666666666666 0.06929951690821255 0.29866666666666664
0 0.11990338164251209 0.6271866666666667 0.14996779388083736 0.2111199999999999
0 0.2212882447665056 0.5744 0.10072463768115941 0.14245333333333338
0 0.5425442834138486 0.5062533333333333 0.025780998389694026 0.07261333333333338
0 0.514645732689211 0.49273333333333336 0.02740740740740747 0.07048000000000001
8 0.8540418679549114 0.45983999999999997 0.288695652173913 0.164
8 0.5935507246376812 0.4626266666666667 0.027713365539452462 0.04178666666666663
8 0.35661835748792264 0.5001066666666666 0.03861513687600642 0.038986666666666676
8 0.46396537842190005 0.48344000000000004 0.026867954911433175 0.027893333333333353
