0 0.17649355877616746 0.6147466666666667 0.11801127214170694 0.21957333333333326
0 0.4130595813204509 0.51864 0.032383252818035405 0.07354666666666669
0 0.2407487922705314 0.5761200000000001 0.09289855072463768 0.15826666666666664
0 0.2945169082125604 0.5524533333333332 0.0596779388083736 0.108
0 0.3273389694041868 0.5341066666666667 0.05746376811594203 0.08959999999999999
0 0.5422383252818036 0.49753333333333327 0.022769726247987097 0.06018666666666672
8 0.8461312399355877 0.4543999999999999 0.3045169082125604 0.18826666666666664
8 0.5205958132045089 0.4842266666666666 0.021739130434782608 0.06578666666666663
8 0.046296296296296294 0.5639866666666666 0.07552334943639293 0.08343999999999997
8 0.5809702093397746 0.4626266666666667 0.022681159420289823 0.04178666666666663
