0 0.9099959742351046 0.7552933333333334 0.17839774557165866 0.48408
0 0.723389694041868 0.6849999999999999 0.1906763285024155 0.4172
0 0.20708534621578098 0.6776133333333333 0.15338164251207728 0.28887999999999997
0 0.3877254428341385 0.54304 0.03541867954911434 0.08442666666666665
0 0.5353462157809984 0.5066666666666666 0.030644122383252773 0.07951999999999998
0 0.40215780998389694 0.5333466666666666 0.031111111111111055 0.06983999999999999
0 0.1733574879227053 0.5694 0.0510144927536232 0.07154666666666662
0 0.2048832528180354 0.56232 0.05403381642512076 0.07722666666666668
0 0.24137681159420288 0.5626266666666667 0.047423510466988755 0.0769866666666666
8 0.4283252818035427 0.5126133333333334 0.02938808373590982 0.0695466666666667
8 0.477805958132045 0.4931733333333333 0.07635265700483095 0.03621333333333329
8 0.5541304347826087 0.4654 0.02938808373590982 0.04178666666666671
8 0.6547705314009662 0.46259999999999996 0.024355877616747183 0.052879999999999955
