1 0.6430210016155089 0.714024064171123 0.0706946688206786 0.5666042780748662
1 0.7041074313408724 0.7024866310160428 0.06399838449111463 0.5896791443850267
1 0.21420436187399033 0.7072192513368983 0.07307754442649438 0.5621925133689839
1 0.6767810985460421 0.5663502673796791 0.027520193861066185 0.2269786096256684
1 0.7484652665589662 0.5260695187165775 0.01651050080775449 0.17925133689839576
1 0.8471122778675283 0.6243716577540106 0.04721324717285949 0.389331550802139
0 0.46277059773828766 0.5143850267379678 0.04332794830371566 0.1290909090909091
2 0.5111995153473344 0.4955882352941176 0.020557350565428147 0.07566844919786099
8 0.34310177705977385 0.5723128342245989 0.026882067851373162 0.21120320855614966
8 0.4119224555735057 0.5362165775401069 0.015137318255250458 0.12232620320855614
8 0.8917730210016155 0.5354679144385026 0.03863489499192258 0.17580213903743314
8 0.5961187399030695 0.5278877005347593 0.02100969305331179 0.09454545454545457
