2 0.883348142164782 0.635066844919786 0.23168820678513738 0.7245187165775402
6 0.3934935379644588 0.4484893048128342 0.16726171243941837 0.16724598930481277
7 0.28184975767366716 0.7767245989304813 0.09536348949919225 0.4412032085561497
7 0.22095315024232637 0.7785026737967913 0.10150242326332795 0.4376470588235294
7 0.269329563812601 0.7404679144385027 0.0706946688206785 0.37649732620320847
7 0.30079159935379646 0.7004010695187165 0.056074313408723715 0.3233689839572193
7 0.32157915993537967 0.6613903743315508 0.04845718901453959 0.28791443850267373
1 0.05762116316639741 0.7053877005347593 0.09923263327948303 0.5838770053475936
1 0.07508077544426495 0.6877540106951872 0.08022617124394187 0.5288235294117647
8 0.5839458804523425 0.5431684491978609 0.06716478190630047 0.16954545454545453
