1 0.46710016155088857 0.5410561497326203 0.026655896607431343 0.23462566844919786
1 0.7851171243941841 0.6865240641711229 0.1313974151857835 0.6216042780748663
1 0.45729806138933765 0.5779010695187166 0.042269789983844855 0.31628342245989294
0 0.3595799676898223 0.5579679144385027 0.16247172859450731 0.4093048128342247
2 0.43454361873990305 0.5241978609625668 0.07926494345718901 0.2454545454545454
7 0.9069749596122779 0.6946657754010696 0.0886187399030695 0.3855347593582887
7 0.8284975767366721 0.6687165775401069 0.07348949919224558 0.3411764705882352
8 0.5021324717285945 0.4709491978609625 0.031082390953150258 0.07510695187165776
8 0.5598546042003232 0.4602540106951871 0.030533117932148593 0.08788770053475936
8 0.5439579967689823 0.4527673796791443 0.02746365105008078 0.037887700534759323
