0 0.8230434782608695 0.74048 0.3140740740740741 0.5137066666666666
0 0.14376006441223835 0.7191333333333333 0.20685990338164248 0.36360000000000003
0 0.38093800322061194 0.5480133333333334 0.03847826086956519 0.0905333333333333
0 0.537999194847021 0.51168 0.03280998389694042 0.08474666666666666
0 0.3969404186795491 0.5360266666666667 0.03347826086956521 0.07424
0 0.12114331723027376 0.5805066666666666 0.06149758454106281 0.07791999999999999
0 0.15613123993558778 0.5742266666666667 0.055434782608695644 0.07586666666666664
0 0.18905394524959743 0.5655733333333334 0.058752012882447684 0.08181333333333335
0 0.22731884057971014 0.5672533333333333 0.05159420289855073 0.08176000000000007
8 0.44216586151368764 0.5098266666666667 0.06713365539452495 0.07512000000000003
8 0.502133655394525 0.4876 0.037777777777777743 0.064
8 0.5767753623188406 0.46259999999999996 0.05622383252818029 0.052879999999999955
