0 0.37452093397745573 0.5779066666666667 0.07636876006441226 0.1546933333333333
0 0.07378019323671497 0.7667066666666666 0.14756038647342995 0.4612533333333333
0 0.26716183574879226 0.6063066666666667 0.09834943639291463 0.178
0 0.5212962962962964 0.5136000000000001 0.027842190016103094 0.07941333333333334
0 0.6269122383252818 0.4888533333333333 0.08941223832528176 0.09141333333333333
0 0.616147342995169 0.4760533333333333 0.07654589371980672 0.10720000000000005
2 0.7861996779388084 0.4363333333333333 0.0821578099838969 0.0977866666666667
8 0.7168357487922705 0.44872 0.06797101449275358 0.064
8 0.5713244766505636 0.4778799999999999 0.07719001610305959 0.07789333333333336
8 0.42958132045088565 0.5084533333333333 0.040289855072463736 0.061226666666666686
8 0.47109903381642515 0.4848266666666667 0.012616747181964632 0.030666666666666665
8 0.49667874396135264 0.48761333333333334 0.023518518518518546 0.04178666666666663
