0 0.49481466559226434 0.5750132978723405 0.07062852538275582 0.21226063829787234
0 0.2543956486704271 0.647752659574468 0.14734085414987913 0.27465425531914894
0 0.18890410958904108 0.5902792553191489 0.12981466559226432 0.2014627659574468
0 0.35914585012087025 0.5617021276595744 0.07547139403706685 0.15404255319148932
5 0.40076551168412566 0.45821808510638296 0.0780821917808219 0.2531382978723404
5 0.44665995165189365 0.45945478723404254 0.027211925866236983 0.12130319148936174
0 0.05583400483481064 0.5921542553191489 0.11166800966962127 0.19670212765957448
0 0.23902900886381948 0.5345744680851063 0.0664222401289283 0.09904255319148939
2 0.2920789685737309 0.5023803191489361 0.05179693795326352 0.10747340425531914
0 0.535850120870266 0.510904255319149 0.02488315874294923 0.04861702127659575
8 0.5833561643835615 0.5098404255319149 0.023601933924254696 0.03622340425531916
