0 0.4791062801932367 0.55032 0.045571658615136894 0.12191999999999999
0 0.12050322061191626 0.7420799999999999 0.24100644122383252 0.5024533333333333
0 0.34969001610305955 0.53608 0.1050805152979066 0.1436266666666667
0 0.39512882447665054 0.5167333333333334 0.06684380032206118 0.08429333333333337
5 0.28921095008051534 0.59668 0.06685990338164252 0.17570666666666662
5 0.2160426731078905 0.5949333333333333 0.08683574879227053 0.1779199999999999
0 0.6856400966183576 0.66604 0.16474235104669888 0.3203999999999999
2 0.5480837359098228 0.4933333333333333 0.05167471819645729 0.16202666666666662
0 0.4900603864734299 0.5249333333333334 0.03152173913043477 0.09525333333333333
8 0.4371296296296296 0.5029066666666666 0.04364734299516911 0.08901333333333332
