0 0.023848631239935587 0.5945333333333332 0.047697262479871175 0.1622933333333333
2 0.16137278582930759 0.5262266666666666 0.07469404186795492 0.10850666666666665
5 0.2102214170692432 0.5292 0.03033011272141708 0.07221333333333337
0 0.286634460547504 0.5286133333333333 0.04138486312399354 0.07765333333333334
0 0.2532045088566828 0.5366266666666667 0.05093397745571658 0.07431999999999993
0 0.34460144927536235 0.5162533333333333 0.030845410628019324 0.05896000000000003
0 0.32101851851851854 0.5156533333333333 0.030249597423510462 0.05877333333333331
8 0.5436473429951691 0.5028933333333333 0.031900161030595814 0.07789333333333336
8 0.6107447665056361 0.49732 0.09396940418679543 0.05010666666666665
8 0.3859661835748792 0.5028933333333333 0.020161030595813176 0.03901333333333332
