0 0.11122383252818034 0.73628 0.22244766505636068 0.38087999999999994
0 0.6360346215780998 0.5965866666666667 0.12044283413848633 0.2636800000000001
0 0.2586312399355878 0.6254666666666666 0.12070853462157811 0.21119999999999997
0 0.3434259259259259 0.5570533333333333 0.06686795491143319 0.15704000000000004
0 0.3738607085346216 0.5440533333333333 0.048671497584541056 0.11226666666666665
0 0.40330112721417066 0.5243333333333333 0.03278582930756841 0.07239999999999994
0 0.5231481481481481 0.4935733333333333 0.017471819645732727 0.049866666666666636
0 0.5848953301127214 0.47857333333333335 0.05178743961352661 0.05383999999999999
8 0.4476127214170692 0.49734666666666666 0.05454911433172303 0.04456000000000002
8 0.48787439613526573 0.48066666666666663 0.007584541062801899 0.03344000000000005
8 0.7004790660225443 0.4737199999999999 0.1459661835748792 0.10845333333333329
8 0.5050684380032207 0.4764933333333333 0.011779388083735905 0.04178666666666671
8 0.5591626409017714 0.4626266666666667 0.037777777777777834 0.04178666666666663
