0 0.022041062801932368 0.7278133333333333 0.044082125603864736 0.38015999999999994
0 0.08514090177133656 0.66808 0.1702818035426731 0.3184
0 0.2724597423510467 0.5527066666666666 0.13116747181964575 0.17815999999999993
0 0.3797584541062802 0.5182666666666668 0.0576972624798712 0.07594666666666663
5 0.14747584541062803 0.61308 0.0913768115942029 0.20413333333333336
3 0.7097946859903382 0.49064 0.030652173913043517 0.15578666666666663
3 0.6709259259259259 0.5002533333333333 0.020660225442834114 0.11714666666666668
3 0.6501932367149759 0.49648 0.01655394524959747 0.09824000000000001
8 0.4824235104669888 0.4848266666666667 0.060418679549114396 0.064
8 0.5948067632850241 0.46815999999999997 0.08893719806763288 0.06954666666666662
8 0.8023872785829308 0.4542933333333334 0.14512882447665057 0.09178666666666663
