0 0.5654468599033817 0.48429333333333335 0.015418679549114314 0.04415999999999993
4 0.0997584541062802 0.47364 0.1995169082125604 0.5753333333333334
0 0.5798389694041869 0.49866666666666665 0.0351046698872786 0.08746666666666669
0 0.498671497584541 0.5123733333333332 0.05220611916264093 0.10250666666666673
0 0.34430354267310787 0.5343866666666666 0.04640096618357487 0.09090666666666668
0 0.42304750402576485 0.5110266666666666 0.02454911433172299 0.05885333333333331
6 0.5038446054750403 0.46098666666666666 0.05024959742351044 0.08271999999999995
8 0.27064814814814814 0.5042800000000001 0.08474235104669887 0.11954666666666669
8 0.39477858293075685 0.48066666666666663 0.026030595813204542 0.07232000000000001
8 0.44636070853462156 0.4890133333333333 0.018486312399355907 0.061226666666666686
8 0.5478381642512077 0.47510666666666673 0.011779388083735905 0.04456000000000002
8 0.6065458937198067 0.47510666666666673 0.011771336553945253 0.05010666666666665
8 0.7189331723027375 0.44176 0.17615942028985504 0.07232000000000001
8 0.9148631239935587 0.4431733333333333 0.16708534621578097 0.06954666666666662
