0 0.050193236714975845 0.7150533333333332 0.10038647342995169 0.36871999999999994
0 0.10150563607085346 0.6500133333333333 0.20301127214170692 0.28397333333333336
0 0.2848993558776168 0.5480666666666667 0.12321256038647345 0.16818666666666665
0 0.38382447665056363 0.5182266666666666 0.05581320450885668 0.07362666666666662
5 0.17493156199677937 0.6027733333333334 0.08313204508856682 0.18800000000000006
3 0.7018075684380032 0.49766666666666665 0.02900966183574877 0.15042666666666674
3 0.6657326892109501 0.5024266666666667 0.01969404186795494 0.11333333333333333
3 0.645901771336554 0.49805333333333335 0.015877616747181987 0.09551999999999998
8 0.4983534621578099 0.48761333333333334 0.02519323671497591 0.05288000000000003
8 0.8107729468599034 0.4500933333333333 0.1082286634460548 0.08898666666666667
