2 0.8504038772213247 0.6277139037433155 0.2975767366720517 0.7392245989304813
6 0.3790872374798062 0.4479144385026737 0.16441033925686593 0.16352941176470587
7 0.32025848142164787 0.7191978609625669 0.07302100161550892 0.3697860962566844
7 0.2690953150242326 0.7183957219251337 0.07714054927302101 0.36385026737967924
7 0.30499192245557355 0.6928877005347592 0.05631663974151856 0.31074866310160426
7 0.3270638126009693 0.6670187165775401 0.04598546042003232 0.27360962566844915
7 0.343251211631664 0.6378208556149733 0.040767366720516986 0.24836898395721926
1 0.134313408723748 0.662139037433155 0.05142164781906303 0.48593582887700526
1 0.1436389337641357 0.6448663101604278 0.06244749596122779 0.4359358288770053
8 0.5755613893376414 0.5514839572192513 0.0839499192245557 0.16954545454545453
