0 0.8990700483091787 0.7423599999999999 0.2002495974235105 0.5099466666666667
0 0.18763687600644122 0.6484133333333333 0.1805233494363929 0.33181333333333335
0 0.4286674718196457 0.5190933333333334 0.03669082125603869 0.07909333333333332
0 0.28829307568438 0.5777599999999999 0.09512077294685989 0.1876266666666667
0 0.35893719806763286 0.5454 0.0492109500805153 0.102
0 0.5186553945249598 0.49774666666666667 0.021062801932367124 0.060933333333333395
0 0.5953019323671498 0.4797866666666667 0.06522544283413848 0.06736000000000004
2 0.7284742351046699 0.43948 0.06274557165861519 0.07693333333333331
8 0.4023268921095008 0.5153866666666665 0.03106280193236718 0.10288000000000003
8 0.47529388083735913 0.4876 0.05287439613526567 0.064
8 0.6598067632850242 0.4473333333333333 0.061256038647342935 0.07232000000000001
8 0.554549114331723 0.47650666666666663 0.020161030595813176 0.09178666666666671
8 0.9200322061191627 0.4385333333333333 0.1566505636070853 0.11152000000000005
