0 0.2655152979066022 0.5604266666666666 0.052061191626409035 0.1325333333333333
2 0.2228743961352657 0.52884 0.05380032206119165 0.1259466666666667
0 0.019223027375201287 0.6989733333333333 0.038446054750402574 0.27138666666666666
0 0.054327697262479865 0.5752133333333332 0.08060386473429952 0.07453333333333338
0 0.6547906602254429 0.5107466666666667 0.03668276972624794 0.06954666666666662
5 0.7211755233494365 0.48424 0.011932367149758495 0.05328000000000005
8 0.01888888888888889 0.6737333333333333 0.03777777777777778 0.2917866666666667
8 0.14316425120772946 0.55428 0.07132045088566827 0.07511999999999996
8 0.3188768115942029 0.5445599999999999 0.055386473429951705 0.12789333333333336
8 0.7004790660225443 0.48344000000000004 0.025193236714975815 0.06677333333333331
8 0.8271256038647342 0.4723333333333333 0.10906602254428344 0.08898666666666667
