0 0.28243961352657004 0.5612266666666665 0.10164251207729469 0.12794666666666663
0 0.3216425120772947 0.5431066666666667 0.07982286634460546 0.11309333333333332
0 0.3376731078904992 0.5345733333333333 0.0741867954911433 0.1016266666666667
0 0.36126006441223835 0.5153599999999999 0.07042673107890501 0.09327999999999997
8 0.20858695652173911 0.5306666666666666 0.03274557165861513 0.10565333333333334
8 0.41993558776167467 0.49594666666666665 0.08977455716586147 0.09733333333333333
8 0.5130314009661835 0.48066666666666663 0.03609500805152983 0.07232000000000001
8 0.6413526570048309 0.4403733333333333 0.12164251207729472 0.0695466666666667
8 0.7176771336553945 0.4709466666666667 0.022681159420289913 0.14178666666666662
8 0.8594927536231884 0.40845333333333333 0.27779388083735906 0.061226666666666686
