1 0.5401696284329565 0.5992647058823529 0.0369143780290792 0.3292245989304812
1 0.5852665589660743 0.5909090909090908 0.04337641357027459 0.33759358288770047
1 0.2821163166397415 0.6045053475935829 0.043941841680129226 0.3557486631016043
3 0.38554119547657517 0.5820989304812835 0.04828756058158318 0.2875668449197861
3 0.4429684975767367 0.534385026737968 0.033546042003231 0.18155080213903743
3 0.41877221324717295 0.5264973262032085 0.02411954765751213 0.16438502673796795
1 0.6019103392568659 0.5137566844919786 0.013933764135702747 0.15040106951871657
8 0.04184975767366721 0.5959358288770052 0.0755573505654281 0.1973262032085561
8 0.147156704361874 0.5764973262032086 0.04282714054927303 0.30288770053475933
8 0.47402261712439425 0.4820588235294118 0.03192245557350564 0.09732620320855616
