0 0.34909420289855075 0.5728266666666667 0.05417874396135267 0.12064000000000002
0 0.5500845410628019 0.5226 0.042826086956521695 0.10813333333333336
0 0.37460547504025765 0.5547199999999999 0.044798711755233485 0.09536000000000004
0 0.40010869565217394 0.53104 0.03406602254428346 0.09125333333333333
0 0.41257648953301124 0.52512 0.02819645732689205 0.07173333333333334
2 0.8621296296296296 0.41417333333333334 0.07973429951690819 0.12312000000000003
0 0.0397463768115942 0.6108399999999999 0.0794927536231884 0.0992266666666666
0 0.0802294685990338 0.6052133333333334 0.0769645732689211 0.09666666666666666
0 0.1186755233494364 0.5951733333333333 0.08197262479871177 0.10480000000000003
8 0.4786473429951691 0.49176 0.08977455716586151 0.07232000000000001
8 0.6421900161030596 0.45844 0.13003220611916264 0.08343999999999997
